Date,Open,High,Low,Close,Volume,OpenInterest
2016-11-10,168.91,169.12,162,163.47,3240458,0.0
2016-11-11,162.83,164.43,159.54,163.025,2405086,0.0
2016-11-14,160.61,164.73,160.61,161.73,1507360,0.0
2016-11-15,163.99,167.98,163.8,164.57,1439533,0.0
2016-11-16,164.21,168.4087,163.14,166.7389,1656089,0.0
2016-11-17,167.51,168.35,165.52,166.21,1168617,0.0
2016-11-18,165.93,167,163.925,164.38,1203387,0.0
2016-11-21,165,167.25,164.5,165.69,1001165,0.0
2016-11-22,167.5,167.5,163.56,164.47,1326032,0.0
2016-11-23,163.36,164.64,161.69,163.61,1163467,0.0
2016-11-25,165,165.6,163.62,164.46,791983,0.0
2016-11-28,165.13,168,164.06,167.02,1706119,0.0
2016-11-29,166.01,171.24,166,169.17,1906705,0.0
2016-11-30,169.99,171.545,166.491,166.96,1866796,0.0
2016-12-01,167.52,167.82,161.8,162.9,1700518,0.0
2016-12-02,162.95,163.88,160.79,161.67,1542015,0.0
2016-12-05,161.72,165.39,161.5592,164.31,1058562,0.0
2016-12-06,165.01,165.74,163.55,165.2,1026893,0.0
2016-12-07,165.54,169.56,164.37,169.33,1364185,0.0
2016-12-08,168.92,169.74,166.3323,167.74,1457302,0.0
2016-12-09,168.49,171.1,168.34,170.72,1994920,0.0
2016-12-12,168.63,169.28,167.01,168.48,2096496,0.0
2016-12-13,169.23,173,169,171.46,2480285,0.0
2016-12-14,170.42,172.54,169.63,169.82,1242671,0.0
2016-12-15,169.21,169.625,165.62,165.76,1490311,0.0
2016-12-16,166.42,167.92,164.65,164.94,1634797,0.0
2016-12-19,164.44,164.93,162.34,163.69,1584437,0.0
2016-12-20,164.26,167.01,164.0001,165.28,1199402,0.0
2016-12-21,165,165.99,163.8,163.92,1098393,0.0
2016-12-22,163.29,165.265,162.0201,162.9,1210435,0.0
2016-12-23,163.28,164.62,162.53,163.62,789557,0.0
2016-12-27,163.63,166.47,163.07,164.78,765755,0.0
2016-12-28,165.12,167.01,164.76,165.54,1373156,0.0
2016-12-29,165.61,167.59,165.46,166.5,1330807,0.0
2016-12-30,166.76,167.234,163.56,164.41,1148158,0.0
2017-01-03,166.3,169.66,165.82,168.3,1871845,0.0
2017-01-04,169.74,173.26,168.3,171.97,1620539,0.0
2017-01-05,172.77,177.84,172.5,177.47,2289569,0.0
2017-01-06,176.39,177.28,173.25,176.36,1614844,0.0
2017-01-09,178,179.72,176.82,177.18,1289509,0.0
2017-01-10,179.57,183,178.3,180.31,2370289,0.0
2017-01-11,179.57,180.18,176.8,179.31,1572661,0.0
2017-01-12,178.8,179.47,175.66,177.58,2308183,0.0
2017-01-13,178,178.71,176.36,176.55,1131980,0.0
2017-01-17,175.58,178.28,174.49,176.98,1345884,0.0
2017-01-18,178.59,180.78,174.73,176.54,1388723,0.0
2017-01-19,176.84,176.84,174.43,176.07,1165441,0.0
2017-01-20,175.3,176.455,173.13,173.43,1666626,0.0
2017-01-23,173.94,176.18,173.28,175.915,1750046,0.0
2017-01-24,177.7,179,175.5,176.05,1289300,0.0
2017-01-25,177.4,179,176.25,176.58,1744923,0.0
2017-01-26,177.65,177.67,174.65,174.95,1528600,0.0
2017-01-27,175,175,173.22,174.11,1172808,0.0
2017-01-30,173.16,174.97,171.72,174.73,1068151,0.0
2017-01-31,173.68,176.18,173.01,175.22,919464,0.0
2017-02-01,176.73,176.73,172.55,173.85,916942,0.0
2017-02-02,173.51,175.18,172.46,173.3,729503,0.0
2017-02-03,174.96,176.59,173.56,175.2,1229524,0.0
2017-02-06,175.79,179.0795,175.15,177.81,1310238,0.0
2017-02-07,179.58,179.6,176.75,178.26,1237743,0.0
2017-02-08,179.16,182.41,177.53,181.5,1713303,0.0
2017-02-09,181.23,183.46,181.06,181.5,1439876,0.0
2017-02-10,182.58,184.16,181.21,183.86,1706505,0.0
2017-02-13,184.5,185.44,183.33,184.31,2072965,0.0
2017-02-14,184.01,185.66,182.28,182.76,1569011,0.0
2017-02-15,183.65,185.14,182.81,183.58,930683,0.0
2017-02-16,183.68,186.75,182.77,185,1870753,0.0
2017-02-17,183.92,185.21,183.33,185.18,1303029,0.0
2017-02-21,185.23,185.93,183.3122,185.63,2854415,0.0
2017-02-22,185,187.98,184.97,186,2283299,0.0
2017-02-23,187.89,188.54,183.9101,184.63,2923624,0.0
2017-02-24,181.01,181.57,173.91,175.14,6452606,0.0
2017-02-27,175.17,176.28,171.73,172.94,2881839,0.0
2017-02-28,172.8,175.9199,172.8,174.13,1918520,0.0
2017-03-01,176.44,176.79,175.13,175.32,1430215,0.0
2017-03-02,175.33,176.49,172.97,174.35,1699950,0.0
2017-03-03,174.53,175.705,173.28,173.79,886743,0.0
2017-03-06,174.15,174.15,172.38,173.3,889453,0.0
2017-03-07,172.77,174,171.24,173.74,953756,0.0
2017-03-08,173.81,175.3,173.3,173.88,978467,0.0
2017-03-09,174.03,175.2,172.94,173.28,1614541,0.0
2017-03-10,173.55,173.91,171.93,172.7,1434996,0.0
2017-03-13,172.89,174.11,172.5,173.2,1241675,0.0
2017-03-14,173,173.4999,172.01,172.81,790083,0.0
2017-03-15,173.01,173.31,170.42,171.99,2172240,0.0
2017-03-16,173.54,177.55,173.4,176.58,3449353,0.0
2017-03-17,176.89,178.86,176.18,176.55,1498224,0.0
2017-03-20,177.1,177.86,174.59,176.13,1476853,0.0
2017-03-21,177.5,177.7,170.27,171.27,2592625,0.0
2017-03-22,169.82,169.82,167.75,169.56,2966286,0.0
2017-03-23,168.75,170.02,167.25,169.61,2369052,0.0
2017-03-24,170.51,170.51,167.85,168.15,1726319,0.0
2017-03-27,166.23,170.67,166,168.94,1709977,0.0
2017-03-28,168.93,170.67,168.58,169.79,1750126,0.0
2017-03-29,170,172.1,169.34,170.67,1197848,0.0
2017-03-30,171.71,172.62,171.17,172.38,2019978,0.0
2017-03-31,171.46,173.95,171.46,172.51,1924141,0.0
2017-04-03,173,175.9,173,174.99,1856708,0.0
2017-04-04,174.76,176.662,174.13,175.2,1513237,0.0
2017-04-05,175.35,176.31,172.46,172.92,1758409,0.0
2017-04-06,173.8,174.73,173.04,173.39,1212439,0.0
2017-04-07,173.68,173.94,171.17,172.43,1653923,0.0
2017-04-10,172.3,174.675,172.17,174.21,1313574,0.0
2017-04-11,173.97,175.24,172.58,173.01,1513276,0.0
2017-04-12,172.47,174.87,172.33,173.62,949493,0.0
2017-04-13,173.55,174.76,172.46,172.6,1085577,0.0
2017-04-17,172.61,173.8,172.61,173.31,1137501,0.0
2017-04-18,173.31,174.56,172.07,174.47,1521986,0.0
2017-04-19,175.62,181.18,175.38,177.82,3335961,0.0
2017-04-20,178.99,180.38,178.41,178.64,2024683,0.0
2017-04-21,180.4,180.4,177.8601,178.03,1293503,0.0
2017-04-24,180,180.65,179.54,180.09,1554586,0.0
2017-04-25,182.86,187.5,182.33,187.02,3041140,0.0
2017-04-26,187.9,188,184.9,186.67,2208387,0.0
2017-04-27,187.81,188.599,186.1,187.86,2169606,0.0
2017-04-28,181.14,182.96,176.07,180.22,6062040,0.0
2017-05-01,180.45,181.17,177.19,179.92,2971051,0.0
2017-05-02,180.1,180.4,178,178.51,1970880,0.0
2017-05-03,179,179.01,176.9,177.29,1562848,0.0
2017-05-04,177.89,178,176.28,176.65,1747245,0.0
2017-05-05,176.3,178.3,174.77,178.06,1846394,0.0
2017-05-08,178.5,178.54,176.68,177.47,1237227,0.0
2017-05-09,178.9,183.59,178.36,183.1,2815552,0.0
2017-05-10,182.37,184.93,181.62,183.63,2455477,0.0
2017-05-11,183.54,187.33,182.96,186.62,2612549,0.0
2017-05-12,186.25,187.98,185.67,186.76,1441383,0.0
2017-05-15,187.08,187.46,185.24,186.08,1620778,0.0
2017-05-16,186.83,192.37,186.387,190.68,3200741,0.0
2017-05-17,187.97,190.71,185.68,185.98,2873508,0.0
2017-05-18,182.68,183.62,181.29,182.37,3951737,0.0
2017-05-19,183.17,189.42,182.89,188.76,3162828,0.0
2017-05-22,190,193.5599,188.08,191.73,2381455,0.0
2017-05-23,192.73,193.56,190.37,191.87,1794882,0.0
2017-05-24,191.03,191.99,189.97,190.64,2143454,0.0
2017-05-25,191.23,193,189.83,191.94,1852945,0.0
2017-05-26,192.78,193.74,190.09,190.41,1197508,0.0
2017-05-30,190.94,192.289,189.36,189.87,1527596,0.0
2017-05-31,189.95,190.49,184.32,186.24,2568781,0.0
2017-06-01,186.15,188.1,185.59,187.22,1655721,0.0
2017-06-02,188.6,189.25,187,187.6,896402,0.0
2017-06-05,188.71,188.71,185.21,187.3,1044952,0.0
2017-06-06,186.73,187.2,184.51,185.64,1696979,0.0
2017-06-07,186.24,188.585,184.75,187.63,1801811,0.0
2017-06-08,191.6,192.38,183.68,185.75,4108578,0.0
2017-06-09,186.03,186.1,178.21,181.03,3227538,0.0
2017-06-12,180,182.15,177.31,180.05,2411209,0.0
2017-06-13,181.52,181.52,177.24,179.11,1897947,0.0
2017-06-14,180.6,180.82,176.2,178.16,1600928,0.0
2017-06-15,176.19,176.99,173.52,176.16,2022024,0.0
2017-06-16,176.41,176.41,173.66,173.9,1746478,0.0
2017-06-19,176.38,179.23,175.8001,176.9,1957610,0.0
2017-06-20,177.69,178.42,176.93,177.85,1270586,0.0
2017-06-21,179.14,181,177.93,180.17,1611915,0.0
2017-06-22,179.25,180.714,177.99,179.25,1396328,0.0
2017-06-23,180.32,180.55,177.61,178.17,1435102,0.0
2017-06-26,180.59,181.74,178.35,178.46,1616099,0.0
2017-06-27,178.52,178.65,175.1,175.6,1902172,0.0
2017-06-28,177,178.72,175.83,178.01,2075081,0.0
2017-06-29,177.54,180.455,177.22,179.63,2517859,0.0
2017-06-30,180.44,180.88,178.3101,178.88,1689946,0.0
2017-07-03,179.9,183.5,179.63,179.92,1546920,0.0
2017-07-05,186.37,187.25,182.17,183.85,3482029,0.0
2017-07-06,183.54,183.89,180.678,181.79,1842979,0.0
2017-07-07,181.79,182.78,179.92,181.4003,1127371,0.0
2017-07-10,182.31,183.94,181.59,182.96,1127340,0.0
2017-07-11,183.2,184.56,181.83,184.42,1193419,0.0
2017-07-12,185.81,187.56,185.26,186.82,1514033,0.0
2017-07-13,187.1,188.98,186.15,186.94,1744004,0.0
2017-07-14,187.99,189,187.525,188.56,1316451,0.0
2017-07-17,189.12,191.779,186.89,188.24,2279913,0.0
2017-07-18,187.23,190.1,186.69,189.6,1347965,0.0
2017-07-19,190.8,192.35,189.56,190.92,1650703,0.0
2017-07-20,192.26,192.86,190.79,191.31,1189581,0.0
2017-07-21,190.96,193.2,190.56,193.19,1466157,0.0
2017-07-24,193.975,199.25,193.02,198.63,3190464,0.0
2017-07-25,198.5,198.65,195.97,197.15,2166833,0.0
2017-07-26,197.45,201.23,196.75,201.19,2831661,0.0
2017-07-27,204.01,205.6,197.11,200.86,3975854,0.0
2017-07-28,211.01,225.6,208.8,220.01,10341471,0.0
2017-07-31,224,230,223.0519,226.41,6862692,0.0
2017-08-01,227.14,227.98,222.17,225.71,3455994,0.0
2017-08-02,224.12,224.64,218.58,221.85,2920862,0.0
2017-08-03,221,227.9699,220.551,227.43,2292882,0.0
2017-08-04,227.28,230.34,225.7,225.91,2767380,0.0
2017-08-07,225.6,228.99,224.77,227.24,2136786,0.0
2017-08-08,226.6,233.37,226.54,229.61,3109863,0.0
2017-08-09,227.19,230.49,225.36,230.3,1893609,0.0
2017-08-10,227.5,228.99,220.47,222.52,3049684,0.0
2017-08-11,218.61,224.66,216.2,223.49,2586173,0.0
2017-08-14,223.51,224.77,221,223.68,1866877,0.0
2017-08-15,226.1,227.66,223.57,225.37,1703805,0.0
2017-08-16,228,228.98,225.71,226.13,1748908,0.0
2017-08-17,226.42,227.0193,220.36,221,1993088,0.0
2017-08-18,220.77,221.19,218.5,220.7,2512334,0.0
2017-08-21,223.5,227.9492,221.88,222.48,2118913,0.0
2017-08-22,224.49,226.49,222.775,226.11,1898596,0.0
2017-08-23,224.85,225.71,223.63,224.98,1490616,0.0
2017-08-24,226.12,226.7499,224.11,224.87,1572959,0.0
2017-08-25,224.96,229.43,224.44,225.54,1771088,0.0
2017-08-28,225.92,226.79,219.36,219.86,2318348,0.0
2017-08-29,216,221.7,213.528,220.66,1564810,0.0
2017-08-30,221.8,224.71,220.36,223.89,1287492,0.0
2017-08-31,224,228.68,222.61,228.04,1735538,0.0
2017-09-01,228.26,233.79,226.61,232.67,2038667,0.0
2017-09-05,231.29,232.47,224.58,225.22,2429616,0.0
2017-09-06,226,228.96,223.54,226.92,1542610,0.0
2017-09-07,226,233.54,225.71,233.16,1854794,0.0
2017-09-08,232.78,235,228.73,229.17,1321567,0.0
2017-09-11,232.39,234.62,232.21,233.55,1402236,0.0
2017-09-12,234.95,237.93,233.84,237.68,1856791,0.0
2017-09-13,237.57,239,235.45,236.41,2159382,0.0
2017-09-14,235,238.46,234.8,237.32,1911014,0.0
2017-09-15,237.87,239.16,235.31,235.72,2307482,0.0
2017-09-18,236.79,240.43,235.58,239.06,2315441,0.0
2017-09-19,239.03,240.125,235.7,237.84,1671786,0.0
2017-09-20,238.5,240.4,235.51,237.92,1122483,0.0
2017-09-21,239.21,239.69,235.35,238.92,1418765,0.0
2017-09-22,237.82,242.7,237.19,240.56,1479036,0.0
2017-09-25,239.87,239.9,230.58,234.42,2695490,0.0
2017-09-26,236.29,240,234.99,236.2,1626805,0.0
2017-09-27,240.02,240.75,237.361,239.89,1485328,0.0
2017-09-28,238.47,242.37,237.2,241.32,1438097,0.0
2017-09-29,242.03,248,242.03,247.71,2547241,0.0
2017-10-02,248.62,250.57,246.5,248.7,1817116,0.0
2017-10-03,250,250.425,246.51,246.98,1508020,0.0
2017-10-04,246.26,247,243.67,243.96,1273325,0.0
2017-10-05,246.49,247.5,242.22,245.28,1328073,0.0
2017-10-06,244.64,247.86,244.163,247.65,1002997,0.0
2017-10-09,248.16,254.28,247.4345,252.195,1903926,0.0
2017-10-10,254.36,262.69,253.52,262.46,3447173,0.0
2017-10-11,261.05,263.44,258.51,260.31,2192736,0.0
2017-10-12,259.53,261.36,258.06,259.35,1727429,0.0
2017-10-13,260.11,264.66,259.61,262.68,1631549,0.0
2017-10-16,264.98,273.07,264,272.83,2732724,0.0
2017-10-17,273.7,274.97,269.44,270.33,2586586,0.0
2017-10-18,271.1,271.49,266.97,268.98,1687164,0.0
2017-10-19,262.26,265.53,259.15,264.5899,2334670,0.0
2017-10-20,268.4,269.8,264.35,264.9,1664393,0.0
2017-10-23,266.1,267.87,261.511,266.09,1592470,0.0
2017-10-24,266.2,266.8,263.115,264.04,1243546,0.0
2017-10-25,264.68,268.51,257.69,263.039,2044721,0.0
2017-10-26,262.06,265.51,259.47,260.62,2237999,0.0
2017-10-27,241.82,247.39,235.73,239.24,8702802,0.0
2017-10-30,240.96,244.55,232.44,236.41,4192622,0.0
2017-10-31,238,244.409,235.03,244.02,2923760,0.0
2017-11-01,248.06,251.18,245.26,245.43,2874773,0.0
2017-11-02,246.37,247.225,239.5,242.02,1929162,0.0
2017-11-03,242.65,244.39,240.32,241.52,1192356,0.0
2017-11-06,242.71,246.7,240.8,244.73,1378176,0.0
2017-11-07,246.32,247.92,242.41,243.44,1192160,0.0
2017-11-08,243.63,244.525,238.8,241.17,1522982,0.0
2017-11-09,237.99,240.55,236.29,240.05,1604439,0.0
2017-11-10,239.58,239.58,236.5,237.34,1021173,0.0
2017-11-13,234.69,238.46,232.02,237.45,1197630,0.0
2017-11-14,236.6,236.9,232.92,234.92,1080153,0.0
2017-11-15,232.89,234.84,226.01,234.21,2084043,0.0
2017-11-16,236.71,240.71,234.2608,239.25,1636219,0.0
2017-11-17,241.8,243.04,239.01,239.28,1785150,0.0
2017-11-20,241,242.63,237.66,238.53,1568569,0.0
2017-11-21,242,246.9,240.198,244.33,1959922,0.0
2017-11-22,246.55,252.9,246.3908,249.76,2708426,0.0
2017-11-24,249.5,250.3724,245.73,249.4,1223722,0.0
2017-11-27,246,248.97,245.62,247.02,1480432,0.0
2017-11-28,249,249,241.91,244.04,1766074,0.0
2017-11-29,242.32,243.88,229.01,235.41,2678429,0.0
2017-11-30,237.38,239.19,235.19,238.51,2142745,0.0
2017-12-01,233.65,238.64,232.51,235.06,1851334,0.0
2017-12-04,237.71,237.9115,226.35,229.69,2668390,0.0
2017-12-05,226,234.1,225.5,231.74,2005438,0.0
2017-12-06,228.35,231.89,227.22,231.15,1574880,0.0
2017-12-07,231.16,235.659,231.15,233.02,1318894,0.0
2017-12-08,236.91,237.74,234.43,234.59,1649409,0.0
2017-12-11,235.5,236.63,233.165,233.5,1510287,0.0
2017-12-12,231.51,232.9499,229.92,232.7,1479551,0.0
2017-12-13,234.88,237.17,231.85,233.23,1387476,0.0
2017-12-14,233.06,233.15,227.81,231.75,1885061,0.0
2017-12-15,233,233.3,229.31,233.18,1586386,0.0
2017-12-18,235.82,241.49,234.9,240.93,1514211,0.0
2017-12-19,241.59,242,235.13,235.75,1700532,0.0
2017-12-20,236.04,236.95,231.29,233.38,1195321,0.0
2017-12-21,234.48,240.83,234.01,239.48,1366981,0.0
2017-12-22,237.76,241.79,237.45,239.05,831520,0.0
2017-12-26,237.21,238.77,235.377,237.82,613561,0.0
2017-12-27,237.5,239.14,235.61,237.71,599480,0.0
2017-12-28,238.57,239,234.4,234.71,740488,0.0
2017-12-29,234.83,236.13,232.5,234.13,823218,0.0
2018-01-02,236.49,242.82,235.26,242.43,1992886,0.0
2018-01-03,244.86,246.2641,240.0901,245.63,1338736,0.0
2018-01-04,249,249.2,244.28,245.73,1093982,0.0
2018-01-05,246.84,248,242.6,245.15,1468229,0.0
2018-01-08,247.23,253.86,246.75,250.91,1826605,0.0
2018-01-09,253.54,254.99,248.05,254.73,1809625,0.0
2018-01-10,251.5,253.74,247.9,248.96,1518315,0.0
2018-01-11,250.4,251.49,246.89,250.2,1187018,0.0
2018-01-12,252.49,256.98,250.87,252.88,1899986,0.0
2018-01-16,259.69,265.77,256.78,257.82,3075851,0.0
2018-01-17,260.75,260.89,253.08,255.54,1555742,0.0
2018-01-18,255.49,256.15,252.553,254.96,1555914,0.0
2018-01-19,255.87,258.33,254.36,255.98,1300797,0.0
2018-01-22,255.99,256.42,249.5,254.34,1687815,0.0
2018-01-23,252.89,257.54,251.26,257.36,1579581,0.0
2018-01-24,258.58,263.41,252.1,257.96,2131170,0.0
2018-01-25,259.83,260,253.03,254.14,1505952,0.0
2018-01-26,255.73,260.4266,253.8,260.23,1717332,0.0
2018-01-29,256.9,256.98,252.8,253.73,2444870,0.0
2018-01-30,248,249.35,241.2,243.55,3326452,0.0
2018-01-31,247.48,248.18,242.4,246.94,2559361,0.0
2018-02-01,243.33,248.23,239.37,240.62,2105950,0.0
2018-02-02,237.49,238.4999,232.43,233.12,2531521,0.0
2018-02-05,229.42,235.69,224.58,225.34,2977970,0.0
2018-02-06,218,230,216,228.81,3962056,0.0
2018-02-07,228.26,229.6599,222.5,222.54,1748073,0.0
2018-02-08,223.01,225.71,211.7,211.7,3248574,0.0
2018-02-09,213.46,218.41,207.74,215.59,3240583,0.0
2018-02-12,219.99,223.24,218.5402,221.71,2432947,0.0
2018-02-13,223.41,227.7,221.8,226.39,3239744,0.0
2018-02-14,236,239.88,232.688,235.88,6302962,0.0
2018-02-15,240.99,248.29,237.13,248.27,4496185,0.0
2018-02-16,248,248.74,242.9,244.72,1657444,0.0
2018-02-20,243.07,248.01,242.14,245.43,1660127,0.0
2018-02-21,247.72,252.95,246.75,246.915,1763003,0.0
2018-02-22,248.09,249.43,244.355,249.28,1688531,0.0
2018-02-23,250,252,246.89,250.79,1302515,0.0
2018-02-26,251.34,256.29,250.86,256.25,2012122,0.0
2018-02-27,253.5,257.5605,250.21,250.47,1955609,0.0
2018-02-28,254,255,250.5728,252.36,1873213,0.0
2018-03-01,251.63,256.2,245.68,249.76,2363784,0.0
2018-03-02,242.32,251.58,240.66,250.56,1915942,0.0
2018-03-05,248.09,256.33,246.21,254.92,1738323,0.0
2018-03-06,257.99,260,255.73,258.67,2030318,0.0
2018-03-07,255.93,258.32,254.16,257.22,1215638,0.0
2018-03-08,257.54,258.55,254.86,257.14,1430773,0.0
2018-03-09,259.25,267.6,257.86,263.57,2782282,0.0
2018-03-12,264.92,270.58,263.24,265.66,2032918,0.0
2018-03-13,268,268,257.34,258.35,1953336,0.0
2018-03-14,259.73,262.75,256.725,259.28,1834343,0.0
2018-03-15,263.01,264.75,260.49,262.59,1803662,0.0
2018-03-16,259.61,263.7,257.21,262.35,1896556,0.0
2018-03-19,261.47,261.76,250.35,252.79,2399355,0.0
2018-03-20,253.75,256.74,252.11,254.44,1802188,0.0
2018-03-21,254.26,254.26,249.03,250.06,1993258,0.0
2018-03-22,245.01,245.17,233.72,236.11,4004439,0.0
2018-03-23,236.52,238.82,229.34,230.01,2984515,0.0
2018-03-26,237,237.77,229.38,235.95,2411861,0.0
2018-03-27,239.38,241.209,228.7,230.91,2159199,0.0
2018-03-28,228.8,229.9,220.2,223.13,3233315,0.0
2018-03-29,225,226.4797,220.16,223.19,2937840,0.0
2018-04-02,220.84,223.87,216.11,220.05,2014300,0.0
2018-04-03,223.53,224.77,216.69,220.02,1756167,0.0
2018-04-04,213.8,225.95,213.556,224.31,2667080,0.0
2018-04-05,226.01,228.4999,224.37,225.56,1319134,0.0
2018-04-06,221.3,225.29,218.13,219.81,1147090,0.0
2018-04-09,224.7,227.7476,221.92,224.38,1572022,0.0
2018-04-10,231.57,233.55,228.42,231.51,1921299,0.0
2018-04-11,230,233.5,228.88,229.64,1003118,0.0
2018-04-12,230.75,232.2365,229.03,231.35,866706,0.0
2018-04-13,231.88,233,225.77,228.17,1132857,0.0
2018-04-16,228.45,231.065,226.53,229.94,1428188,0.0
2018-04-17,230.27,237,228.63,235.65,1690516,0.0
2018-04-18,237.38,239.91,236.5,237.75,1563645,0.0
2018-04-19,238.43,240.4,235.2624,237.11,1271638,0.0
2018-04-20,234.92,235.69,230.21,232.45,1735851,0.0
2018-04-23,232.52,235.05,230.14,231.399,1182152,0.0
2018-04-24,233.82,238.36,228.5,231.49,1687469,0.0
2018-04-25,229.2,231.46,222.5,231.41,1684454,0.0
2018-04-26,232.83,239.4,232.6,238.95,2749531,0.0
2018-04-27,253.99,257.3,245.63,251.95,5796446,0.0
2018-04-30,253.69,255,244.4,250.89,3197447,0.0
2018-05-01,247.24,254.08,246.01,252.03,1926452,0.0
2018-05-02,250.92,252.74,246.8,249.8,2274911,0.0
2018-05-03,249,254.54,245.74,252.555,1850464,0.0
2018-05-04,250.85,254.74,249.2933,251.72,2017924,0.0
2018-05-07,251.53,257,250.25,253.53,2233172,0.0
2018-05-08,255,263.99,253.4,263.1,2759188,0.0
2018-05-09,263.1,264.43,259.71,261.07,1603581,0.0
2018-05-10,262.18,269.4,260.7,268.69,2384927,0.0
2018-05-11,270.92,271.49,266.37,269.85,1623935,0.0
2018-05-14,271.5,278.76,271,272.24,2511788,0.0
2018-05-15,266.26,271.98,265.61,271.91,1591086,0.0
2018-05-16,272.74,284.22,271.2264,284.05,2862090,0.0
2018-05-17,281.04,283.95,278.6,279.66,2075478,0.0
2018-05-18,262.38,264.665,251.58,253.06,12732311,0.0
2018-05-21,256,256.3627,237.83,240.51,12978828,0.0
2018-05-22,243.56,247.05,239.6,239.98,5893811,0.0
2018-05-23,238.45,243.33,236.61,240.39,4054622,0.0
2018-05-24,243.24,243.9527,240.05,240.26,3864250,0.0
2018-05-25,241.54,245.799,240.08,243.8,4341033,0.0
2018-05-29,242.67,245.04,240.6,242.05,2798797,0.0
2018-05-30,243.69,243.75,240.47,241.63,2423407,0.0
2018-05-31,242.0397,245.52,241.96,242.57,2815459,0.0
2018-06-01,245.39,251,244.85,248.41,3530589,0.0
2018-06-04,251,261,251,260.91,4119270,0.0
2018-06-05,262.245,265.41,255.2,260,3687378,0.0
2018-06-06,260.18,263.99,257.08,263.98,2328405,0.0
2018-06-07,264.69,268,263.03,264.88,2727265,0.0
2018-06-08,261.81,263.89,259.51,263.57,2226267,0.0
2018-06-11,264,269.83,262.52,269.79,1921431,0.0
2018-06-12,270.54,272.88,265.6649,267.52,2221579,0.0
2018-06-13,268.86,272.19,267.92,270,1706150,0.0
2018-06-14,270.41,273.31,269.75,270.63,2265963,0.0
2018-06-15,268,273.61,266.35,272.97,2574824,0.0
2018-06-18,268.04,269.82,264.11,268.87,2608510,0.0
2018-06-19,260.32,262.17,256.44,262.12,3007842,0.0
2018-06-20,263.34,264.79,259.42,264.06,2042014,0.0
2018-06-21,263.22,265.6,260.3,260.49,2308116,0.0
2018-06-22,261,261.74,258.01,258.85,2141357,0.0
2018-06-25,254.28,254.3,245.5,250.41,2758641,0.0
2018-06-26,252.46,253.1135,248.21,250.79,1645592,0.0
2018-06-27,255.1,255.5,241.8638,242.92,3027614,0.0
2018-06-28,241.84,242.72,237.8,242.21,4924018,0.0
2018-06-29,245.9,247.77,242,243.09,2428610,0.0
2018-07-02,238.08,246.38,236.28,246.22,1564834,0.0
2018-07-03,248.71,249.06,245.3,246.55,1587986,0.0
2018-07-05,248.69,250.69,243.44,244.03,2174313,0.0
2018-07-06,243.71,253.5,243.71,251.77,2812064,0.0
2018-07-09,259.276,262.9,258.6,261.99,3097024,0.0
2018-07-10,262.73,264.83,258.85,261.25,1367319,0.0
2018-07-11,256.49,263.96,255.75,261.2,1961669,0.0
2018-07-12,264.23,272.15,263.695,271.44,2732627,0.0
2018-07-13,271.36,274,265.701,267.2,1746571,0.0
2018-07-16,266.45,269.74,266,267.09,1088506,0.0
2018-07-17,264.1,271.08,259.1,269.98,1969694,0.0
2018-07-18,268.92,270.09,264.5,269.35,1557499,0.0
2018-07-19,266.73,267.3,261.93,262.42,1762305,0.0
2018-07-20,263.36,265.21,259.96,259.98,1609091,0.0
2018-07-23,257.89,261.095,257.18,260.39,1095719,0.0
2018-07-24,265.31,265.73,255.1,256.47,2015025,0.0
2018-07-25,256.41,263.7,256.41,262.91,2142996,0.0
2018-07-26,259.82,263.6323,257.68,260.32,1905424,0.0
2018-07-27,262.63,262.96,251.8279,255.06,1606663,0.0
2018-07-30,256.49,257.31,248.3,251.44,2121000,0.0
2018-07-31,253.84,255.94,245.53,246.99,3584690,0.0
2018-08-01,234.99,237.72,226.6388,228.08,11428381,0.0
2018-08-02,230.99,231.5,226.21,230.47,5989926,0.0
2018-08-03,235,237.5,230.84,235.65,5119627,0.0
2018-08-06,234.11,235.8,230.06,232.96,2664241,0.0
2018-08-07,228.3623,230.25,224.26,226.66,7595000,0.0
2018-08-08,226.99,226.99,221.28,222,4067175,0.0
2018-08-09,223.36,223.72,219.6,219.88,3416119,0.0
2018-08-10,217.5,221.91,216.51,220.09,3189471,0.0
2018-08-13,220.01,220.175,216.405,217.57,2275979,0.0
2018-08-14,218.33,218.37,213.67,216.22,2674515,0.0
2018-08-15,211.37,214.15,207.95,213.46,3065637,0.0
2018-08-16,216.12,221.4,215.4866,217.31,4245374,0.0
2018-08-17,221,225.069,217.0886,222.78,5174384,0.0
2018-08-20,224.7,226.37,220.97,223.7,2638690,0.0
2018-08-21,225.77,226.279,222.42,223.125,1866822,0.0
2018-08-22,223.2,226.17,222.151,222.98,1229701,0.0
2018-08-23,224.27,224.97,218.93,219.29,2412900,0.0
2018-08-24,221.4,226.49,220.82,224.37,2512952,0.0
2018-08-27,228.39,231.39,227.765,228.62,2373081,0.0
2018-08-28,229.7,230.84,224.701,225.75,2104587,0.0
2018-08-29,225.85,226.85,223.891,225.94,1333565,0.0
2018-08-30,224.78,227.5,222.55,224.21,1577020,0.0
2018-08-31,221.71,226.87,221.27,226.405,1692756,0.0
2018-09-04,225.09,227.5,220.76,222.19,2064884,0.0
2018-09-05,219.2,220.485,215.61,216.3,1691054,0.0
2018-09-06,216.56,218.7442,211.9808,215.1,1609209,0.0
2018-09-07,214.02,218.03,212.4,216.05,1856518,0.0
2018-09-10,215.87,217.04,212.65,213.61,1539561,0.0
2018-09-11,210.26,216.727,208.5,216.16,1593588,0.0
2018-09-12,215,219.93,211.98,218.72,2773443,0.0
2018-09-13,223.99,224.62,221.11,222.52,2536900,0.0
2018-09-14,224.6,224.6,218.63,220.05,1748477,0.0
2018-09-17,216.84,220.99,216.7,217.66,2013318,0.0
2018-09-18,217.8,222.38,215.58,216.86,1881036,0.0
2018-09-19,218.32,228.95,217.74,226.41,3198547,0.0
2018-09-20,232.515,232.78,227.82,230.62,3019645,0.0
2018-09-21,233.985,233.985,228.4,228.85,3091550,0.0
2018-09-24,224.81,226.84,224.05,226.63,1302093,0.0
2018-09-25,226.76,228.66,224.44,226.61,1157778,0.0
2018-09-26,228.31,232.59,227.73,228.42,2192589,0.0
2018-09-27,228.665,231.79,226.83,230.47,1880704,0.0
2018-09-28,230.15,230.65,226.76,228.68,1767212,0.0
2018-10-01,229.89,230.28,227.2,227.39,952383,0.0
2018-10-02,222.35,222.45,217.3,218.9,3231378,0.0
2018-10-03,218.01,219.6503,215.76,216.35,2248212,0.0
2018-10-04,213.6,214.42,206.61,210.07,3419009,0.0
2018-10-05,208.29,209,202.21,205.62,3523545,0.0
2018-10-08,200.59,206.32,198.1908,203.94,2803056,0.0
2018-10-09,201.8,203.36,199.4227,200.85,2819634,0.0
2018-10-10,198,198.8,192.2,194.28,3281144,0.0
2018-10-11,189.38,198.1399,189,198,3811942,0.0
2018-10-12,205.4,206.65,200.94,204.38,3063996,0.0
2018-10-15,201.5,203.69,198.78,200.09,1168818,0.0
2018-10-16,202,203.67,199.71,203.21,2069305,0.0
2018-10-17,202.1,202.69,198.75,200.72,1662107,0.0
2018-10-18,194.505,197.08,190.1,191.88,4413259,0.0
2018-10-19,194.01,197.25,190.89,191.92,2449364,0.0
2018-10-22,197.87,198.71,194.73,196.18,2550150,0.0
2018-10-23,190.16,194.96,187.875,193.42,2968407,0.0
2018-10-24,193.24,193.24,184.02,184.37,3139613,0.0
2018-10-25,186.21,192.52,185.79,190.53,1881272,0.0
2018-10-26,184.08,191.35,182.6,188.46,2680323,0.0
2018-10-29,190.74,190.74,178.1,181.72,3081994,0.0
2018-10-30,181.75,183.6,177.8,183.39,3807608,0.0
2018-10-31,184.4,192.46,181.91,190.05,5519521,0.0
2018-11-01,192.02,202.13,185,201.55,5993424,0.0
2018-11-02,203.23,206.25,192.03,194.63,4007963,0.0
2018-11-05,194.01,197.17,189.15,190.59,2571556,0.0
2018-11-06,190.65,194.72,190.42,192.44,1485159,0.0
2018-11-07,196.01,196.02,192.35,195.41,1468912,0.0
2018-11-08,193.7,195.75,187.98,188.55,1697377,0.0
2018-11-09,184.48,186.25,181.65,183.75,1952336,0.0
2018-11-12,183.47,183.57,178.89,180.55,1599963,0.0
2018-11-13,182.39,185.41,180.2274,183.34,2169188,0.0
2018-11-14,185.5,186.98,181.67,185.051,2286671,0.0
2018-11-15,186.8,188.5,185.37,188.42,1983661,0.0
2018-11-16,187.07,188,183.59,187.03,1499923,0.0
2018-11-19,185.86,186.96,180.26,183.12,2251550,0.0
2018-11-20,177.6,179.96,175.32,177.46,3201821,0.0
2018-11-21,180.02,186.27,179.5227,183.94,2422901,0.0
2018-11-23,181.38,183.31,181,182.58,1026511,0.0
2018-11-26,186.26,186.87,183.83,185.2,1675256,0.0
2018-11-27,183.6,185.25,181.11,182.61,2414107,0.0
2018-11-28,185.8,188.5,181.7483,188.46,3161810,0.0
2018-11-29,186.5,187.49,182.445,183.35,3022925,0.0
2018-11-30,183.04,189.59,182.38,188.16,2253506,0.0
2018-12-03,196,196,189.21,191.33,3503292,0.0
2018-12-04,192.37,193.5,180,182.58,4011895,0.0
2018-12-06,176.01,183.49,174.66,180.69,4137575,0.0
2018-12-07,180.11,185.15,178.62,179.58,2631050,0.0
2018-12-10,178.26,181.55,174.25,179.21,1856276,0.0
2018-12-11,181.84,182.1,176.01,176.85,2941892,0.0
2018-12-12,180.5,182.95,179.3,179.61,2559584,0.0
2018-12-13,182.39,183.1,179.17,179.89,1663456,0.0
2018-12-14,177.7,180.51,176.48,177.69,1824874,0.0
2018-12-17,176.58,176.78,167.53,169.91,3729218,0.0
2018-12-18,173.12,173.29,167.21,167.45,2629099,0.0
2018-12-19,167.94,169.14,160,162.46,3610461,0.0
2018-12-20,160.86,164.59,159.831,160.251,3981484,0.0
2018-12-21,162.29,162.77,156.25,157.49,3901463,0.0
2018-12-24,155.29,161.48,155.25,156.78,2168916,0.0
2018-12-26,158.32,163.17,154.61,163.11,2478900,0.0
2018-12-27,160.54,161.95,156.04,161.6,2426141,0.0
2018-12-28,162.03,164.605,160.6,162.1299,1829487,0.0
2018-12-31,163.8,164.4,157.52,157.99,2103258,0.0
2019-01-02,156.18,164.33,155.49,162.16,2464918,0.0
2019-01-03,158.75,159.88,153.78,154.695,3372644,0.0
2019-01-04,157.6,162.43,157.25,160.88,3184245,0.0
2019-01-07,162.6,164.49,158.51,162.635,2966938,0.0
2019-01-08,162.19,163.89,158.16,163.4,2992712,0.0
2019-01-09,166.72,168.405,165.48,166.49,3085522,0.0
2019-01-10,164.98,168.41,162.91,168.34,1918717,0.0
2019-01-11,167.85,168.35,164.68,165.55,1994207,0.0
2019-01-14,162.82,163.97,161.59,162.8,1573671,0.0
2019-01-15,164.43,169.94,164.4,168.055,2042869,0.0
2019-01-16,169.62,171.33,168.56,169.75,1943093,0.0
2019-01-17,167.84,169.94,164.55,167.85,2749843,0.0
2019-01-18,170.54,174.275,169.8,171.5299,2961892,0.0
2019-01-22,167.23,167.46,158.52,159.9,6307315,0.0
2019-01-23,162,163,158.9,162.82,4061377,0.0
2019-01-24,163.25,163.55,161,162.515,2623480,0.0
2019-01-25,165,168.06,163.4,166.96,2654888,0.0
2019-01-28,164.18,168.23,162.72,167.3801,1870611,0.0
2019-01-29,167.91,167.975,164.15,165.22,1290487,0.0
2019-01-30,166.72,170.1,165.25,169.27,1976750,0.0
2019-01-31,171.05,175.09,170.36,172.91,2934228,0.0
2019-02-01,172.68,173.54,169.38,171.12,1818174,0.0
2019-02-04,172.35,175.535,171.01,174.06,1412743,0.0
2019-02-05,175.5,176.89,173.535,176.157,1441902,0.0
2019-02-06,176.23,176.54,173.59,173.94,1125339,0.0
2019-02-07,173.52,173.96,170.06,171.22,1765116,0.0
2019-02-08,170.46,170.49,166.66,169.55,1949296,0.0
2019-02-11,172.22,172.37,166.57,167.79,2266729,0.0
2019-02-12,169.35,171.54,169.01,170.185,2175990,0.0
2019-02-13,172.98,175.35,171.71,173.92,2350504,0.0
2019-02-14,173.5,174.96,171.55,174.4,1805385,0.0
2019-02-15,175.49,175.63,169,169.99,3108172,0.0
2019-02-19,169.6,173.6,169.2,172.33,2875251,0.0
2019-02-20,173.72,176.0887,170.51,171.18,3532939,0.0
2019-02-21,171.73,172.89,169.73,171.765,3624066,0.0
2019-02-22,173.5,174.17,164,167.21,8643787,0.0
2019-02-25,170.14,170.55,164.86,165,5533183,0.0
2019-02-26,164,164.34,160.6,161.93,4481878,0.0
2019-02-27,161.55,163.4,160.6491,162.16,3209046,0.0
2019-02-28,162,163.19,160.91,162.59,2986301,0.0
2019-03-01,164.18,165.5,161.98,162.13,2550922,0.0
2019-03-04,163.71,164.252,158.44,160.92,3902940,0.0
2019-03-05,161.47,170.28,161.11,167.55,5395985,0.0
2019-03-06,169.215,173.52,169.11,170.26,4959456,0.0
2019-03-07,169.63,170,164.9,165.79,3032697,0.0
2019-03-08,162.94,164.71,160.83,163.64,2487191,0.0
2019-03-11,165.6,167.56,164.46,166.95,1786489,0.0
2019-03-12,168.45,168.77,164.56,166.98,1740213,0.0
2019-03-13,167.8,170.77,167.1,168.19,2268609,0.0
2019-03-14,167.96,168.04,166.15,167.75,2022964,0.0
2019-03-15,169.98,170.82,169.59,170.57,1486358,0.0
2019-03-18,172.41,174.02,169.67,171.17,2012907,0.0
2019-03-19,172.11,172.18,169.97,170.8,1483515,0.0
2019-03-20,171.28,171.28,166.6,170.17,1871878,0.0
2019-03-21,168.7,171.9391,168.7,171.76,1707234,0.0
2019-03-22,170.72,170.8862,165.98,166.74,2020290,0.0
2019-03-25,166.86,167.19,163.76,166.9,1473540,0.0
2019-03-26,167,169.86,166.5848,167.26,1654012,0.0
2019-03-27,167.36,167.985,164.18,164.29,1853769,0.0
2019-03-28,165,165.36,162.73,164.1,1605501,0.0
2019-03-29,165.875,166,163.46,164.76,2319800,0.0
2019-04-01,168.07,171.4,166.92,170.4,1967460,0.0
2019-04-02,170.41,174.15,168.883,170.98,2423178,0.0
2019-04-03,173.05,176.93,172.26,174.86,3466166,0.0
2019-04-04,176.92,180.73,175.14,179.13,3667323,0.0
2019-04-05,181.33,182.47,179.8,181.59,2589603,0.0
2019-04-08,181.55,186.22,180.39,184.78,3676580,0.0
2019-04-09,185,185.6,180.54,181,2796074,0.0
2019-04-10,178.8,179.55,175.56,177.05,3738158,0.0
2019-04-11,176.5,176.64,171.14,171.2,3337770,0.0
2019-04-12,173.6,173.89,170.78,173.16,2963740,0.0
2019-04-15,172.2,172.26,167.4,168.69,3336145,0.0
2019-04-16,170,171.46,168.88,170.27,1870147,0.0
2019-04-17,172.19,172.4,169.8,170.29,2063840,0.0
2019-04-18,171,172.2,169.12,171.03,1804309,0.0
2019-04-22,170,170.19,167.5,169.455,1958286,0.0
2019-04-23,170,174.12,168.82,173.26,2501957,0.0
2019-04-24,174,174.2582,169.1,169.3,2743056,0.0
2019-04-25,169,169.07,166.44,167.94,2759101,0.0
2019-04-26,167.85,167.86,163.98,166.02,3211037,0.0
2019-04-29,167,168.56,164.9,165.84,2821678,0.0
2019-04-30,164.68,166.57,162.2,166.19,2303901,0.0
2019-05-01,166.58,168.63,165.37,165.43,1811243,0.0
2019-05-02,165.76,167.65,164,166.3,1743254,0.0
2019-05-03,167.4,168.34,166.55,166.99,2059731,0.0
2019-05-06,161,164.77,160,164.5,3068556,0.0
2019-05-07,162.9,163.22,160.6,162.23,2712423,0.0
2019-05-08,161.6,161.6,158.6001,159.58,4007192,0.0
2019-05-09,156.59,159.65,153.87,158.6,3808601,0.0
2019-05-10,158,158.99,154.69,156.75,3022150,0.0
2019-05-13,151.63,153.8,150.02,151.53,4827409,0.0
2019-05-14,153.08,153.78,151.36,152.44,3296037,0.0
2019-05-15,151.73,153.54,150.88,152.46,2768202,0.0
2019-05-16,153.31,155.454,152.02,153.72,3347149,0.0
2019-05-17,130.53,134.13,126.91,128.35,27293448,0.0
2019-05-20,123.23,123.27,117.16,117.52,17109309,0.0
2019-05-21,119.2,121.12,118.16,120.49,8633932,0.0
2019-05-22,120.8,121.15,116.78,118.4,4825641,0.0
2019-05-23,115.3,115.77,113.3,113.49,6474886,0.0
2019-05-24,114.55,115.87,114.04,114.44,4603677,0.0
2019-05-28,115.01,115.57,113.9249,114.1,3042762,0.0
2019-05-29,113.2,114,112.08,112.95,4757505,0.0
2019-05-30,112.37,113.1878,111.03,111.9,3826837,0.0
2019-05-31,110,111.14,108.75,109.99,4756124,0.0
2019-06-03,109.76,110.26,106.8,107.78,5388728,0.0
2019-06-04,108.46,112.32,107.11,111.43,4674061,0.0
2019-06-05,111.63,111.75,107.35,109.14,4113605,0.0
2019-06-06,109.1,109.63,107.66,108.87,2328495,0.0
2019-06-07,109.1,110.6499,109.03,109.81,2302473,0.0
2019-06-10,111.35,113.66,111,111.77,3671638,0.0
2019-06-11,113.93,117.39,113.81,115.39,5857502,0.0
2019-06-12,114,114.28,112.04,113.1,3083118,0.0
2019-06-13,113.98,114.26,112.515,114.01,4822812,0.0
2019-06-14,112.81,113.29,111.6,113.09,6823307,0.0
2019-06-17,113.3,114.46,112.38,114.33,2574478,0.0
2019-06-18,115.44,119.14,115.2,116.95,3736831,0.0
2019-06-19,118.16,118.38,116.05,117.8,3867777,0.0
2019-06-20,120,121.07,117.5,118.25,3196764,0.0
2019-06-21,117.8,118.03,116.08,116.9,2935559,0.0
2019-06-24,117.29,117.29,115.57,116.69,1627351,0.0
2019-06-25,115.57,115.89,112.4,113.29,3065133,0.0
2019-06-26,114.58,116.95,114.22,115.79,3163811,0.0
2019-06-27,116.31,116.75,114.62,116.05,1820027,0.0
2019-06-28,116.55,117.515,115.38,117.43,2843911,0.0
2019-07-01,121.49,121.8,117.3714,118.01,3570070,0.0
2019-07-02,118.15,119.41,117.22,119.35,2391823,0.0
2019-07-03,120.2,120.2,116.94,118.56,2343952,0.0
2019-07-05,117.21,117.8,115.261,116.32,2485975,0.0
2019-07-08,114.9,114.99,113.14,113.19,3128816,0.0
2019-07-09,112.35,114.95,112.1013,114.75,1941806,0.0
2019-07-10,116.16,116.76,114.04,114.43,2155342,0.0
2019-07-11,114.69,115.24,114.14,114.74,1642349,0.0
2019-07-12,114.85,115.65,114.11,114.94,2387420,0.0
2019-07-15,115.01,116.05,114.5215,115.6,2287768,0.0
2019-07-16,115.5,115.6,113.7,114.21,2497470,0.0
2019-07-17,114.01,114.4,113.52,113.58,1852736,0.0
2019-07-18,113.19,113.49,111.6,111.84,3687865,0.0
2019-07-19,112.85,113.7,112.18,112.25,3153323,0.0
2019-07-22,112.25,113.15,111.45,111.701,2189727,0.0
2019-07-23,112.27,115.25,112.24,115.15,4032579,0.0
2019-07-24,114.8,116.76,113.61,116.35,2773182,0.0
2019-07-25,116.23,116.26,113.9882,114.45,1934590,0.0
2019-07-26,115.01,115.27,114.02,114.21,1569533,0.0
2019-07-29,113.75,114.1,112.45,113.44,1893163,0.0
2019-07-30,112.5,113.33,111.75,112.72,2837315,0.0
2019-07-31,112.5,113.26,110.75,111.72,2610431,0.0
2019-08-01,111.53,112.97,108.75,109.23,4919451,0.0
2019-08-02,108.22,109.17,106.89,107.76,2873457,0.0
2019-08-05,104.01,104.09,99.28,100.15,6281932,0.0
2019-08-06,101.68,102,99.26,99.63,5052982,0.0
2019-08-07,98.39,101.11,97.77,99.18,3546823,0.0
2019-08-08,99.38,99.94,98.53,99.89,3309300,0.0
2019-08-09,98.59,98.72,96.605,97.36,2640499,0.0
2019-08-12,96.24,96.52,94.88,95.055,2889236,0.0
2019-08-13,94.22,99,93.8825,97.36,4083564,0.0
2019-08-14,95.21,96.47,93.91,94.83,4394310,0.0
2019-08-15,95.55,95.9,93.39,94.33,3437518,0.0
2019-08-16,95.28,97.4,94.14,96.69,5616095,0.0
2019-08-19,100,105.3,100,104.22,9119338,0.0
2019-08-20,112.08,113.4,108.56,108.7,13501009,0.0
2019-08-21,109.61,109.9,105.34,107.91,6057121,0.0
2019-08-22,105.77,106.6986,103.46,105.44,5644908,0.0
2019-08-23,103.4,105.57,101.55,101.84,4941980,0.0
2019-08-26,102.8,104.86,102.51,103.8,2919660,0.0
2019-08-27,104.78,106.61,103.35,103.85,2755320,0.0
2019-08-28,102.96,105.3,102.26,103.58,1659861,0.0
2019-08-29,105.22,106.91,104.74,104.83,2676656,0.0
2019-08-30,105.46,105.46,103.7304,104.47,2078295,0.0
2019-09-03,103.32,104.46,102.46,102.55,2077953,0.0
2019-09-04,104.13,104.55,102.04,102.55,1908230,0.0
2019-09-05,103.59,105.105,103.29,104.11,3010113,0.0
2019-09-06,104.24,104.5,102.45,102.58,2598048,0.0
2019-09-09,102.72,105.2,102.37,105.07,3290058,0.0
2019-09-10,105.2,110.58,105.06,110.46,5122885,0.0
2019-09-11,111.78,113.26,109.38,111.79,4605692,0.0
2019-09-12,112.95,113.07,110.52,111.5,2553922,0.0
2019-09-13,111.97,112,109.88,110.51,2853269,0.0
2019-09-16,109.95,111.64,109.41,110.98,2020043,0.0
2019-09-17,110.02,110.3233,108.07,109.03,2637823,0.0
2019-09-18,108.99,109.85,107.43,108.39,2550669,0.0
2019-09-19,108.56,109.26,107.62,107.78,1852895,0.0
2019-09-20,108.1,108.46,104.67,105.1,2962096,0.0
2019-09-23,104.42,104.94,102.3,102.36,2719838,0.0
2019-09-24,102.6,102.83,97.25,97.59,6251459,0.0
2019-09-25,97.94,103.03,97.42,102.8,3696875,0.0
2019-09-26,105.9,107.9,103.51,105.08,5105044,0.0
2019-09-27,105.49,106.3,100.3,101.24,5387345,0.0
2019-09-30,102.25,103.45,101.44,102.78,1741179,0.0
2019-10-01,102.8,103.26,101,102.01,1646985,0.0
2019-10-02,100.85,103.24,99.5,102.62,2452550,0.0
2019-10-03,102.35,104.73,101.1535,104.31,1744956,0.0
2019-10-04,103.83,105.1,103.29,104.45,2765589,0.0
2019-10-07,103.79,103.99,101.17,101.46,6256385,0.0
2019-10-08,99.37,100.56,98.2,99.51,8338979,0.0
2019-10-09,100.29,100.63,98.55,99.89,6279853,0.0
2019-10-10,100.79,104.74,100.26,103.81,6553628,0.0
2019-10-11,105.9,107.3,104.11,104.63,7314311,0.0
2019-10-14,104.89,105.8,104.32,105.44,3015057,0.0
2019-10-15,105.54,108.05,105.43,107.19,4308812,0.0
2019-10-16,107.18,109.3293,107.04,108.26,5057983,0.0
2019-10-17,108.86,109.23,106.62,107.7,3559611,0.0
2019-10-18,107.48,108.09,103.53,103.74,5053198,0.0
2019-10-21,104.145,106.1,103.4101,104.36,1629262,0.0
2019-10-22,104,104.57,102.78,103.63,1477006,0.0
2019-10-23,102.66,104.4,102.51,104.15,1316791,0.0
2019-10-24,104.09,104.11,102.94,103.68,2383655,0.0
2019-10-25,103.18,104.9,102.8,103.9,2516268,0.0
2019-10-28,104.31,105.98,103.53,104.93,3267693,0.0
2019-10-29,104.47,104.55,102.63,102.91,3401512,0.0
2019-10-30,102.85,103.09,101.27,102.89,2318144,0.0
2019-10-31,102.13,102.95,100.82,101.89,3253663,0.0
2019-11-01,103.05,104.64,102.5,104.62,5102159,0.0
2019-11-04,106.95,111,106.51,109.63,7271805,0.0
2019-11-05,110.9,111,106.86,108.05,5726206,0.0
2019-11-06,108.81,109.09,106.62,107.36,3376889,0.0
2019-11-07,115.425,122.2,115.25,121.9,15258663,0.0
2019-11-08,123.215,127.26,122,124.62,9785513,0.0
2019-11-11,122.69,122.69,120.26,120.86,3867269,0.0
2019-11-12,120.17,123.48,120.17,121.78,3346607,0.0
2019-11-13,119.61,120.5997,117.2,118.29,3477144,0.0
2019-11-14,118,118.48,116.33,118.2,3453539,0.0
2019-11-15,118.74,119.76,116.76,117.12,3672950,0.0
2019-11-18,117.31,117.59,115.7,116.53,2301060,0.0
2019-11-19,117.92,117.9499,115.26,115.65,2251468,0.0
2019-11-20,114.5,116.9099,113.4,114.82,2996851,0.0
2019-11-21,114.2,116.28,113.94,115.66,2679414,0.0
2019-11-22,116.12,118.66,115.62,117.98,2821006,0.0
2019-11-25,119.3465,121.3,118.68,120.31,2983754,0.0
2019-11-26,120.01,120.44,118.1,118.1,2318074,0.0
2019-11-27,119.18,119.84,118.44,119.58,2220806,0.0
2019-11-29,118.3,118.69,117.6,118.54,1774998,0.0
2019-12-02,118.39,119.765,116.4,117.45,2047775,0.0
2019-12-03,115.2,116.02,113.3,114.83,2954738,0.0
2019-12-04,115.68,115.9068,113.91,114.21,1522554,0.0
2019-12-05,115.5,117.34,114.875,116.81,2870548,0.0
2019-12-06,117.07,117.89,115.1004,115.86,2550610,0.0
2019-12-09,114.85,116.66,114.81,115.07,1557015,0.0
2019-12-10,115.67,116.23,114.66,114.77,1767273,0.0
2019-12-11,115,116.96,114.74,116.33,1575336,0.0
2019-12-12,117.45,121.44,117.01,120.47,4125337,0.0
2019-12-13,122.05,122.73,118.59,119.14,3923992,0.0
2019-12-16,120.4,123.79,119.66,123.1,3302312,0.0
2019-12-17,123.9,124.75,123.28,123.83,2792090,0.0
2019-12-18,124.18,126.89,123.88,126.75,4104198,0.0
2019-12-19,127,128.22,124.7,128.08,4124012,0.0
2019-12-20,128,129.16,126.44,127.54,3895218,0.0
2019-12-23,127.85,129.38,127.6,128.76,2273582,0.0
2019-12-24,129.01,129.37,127.81,128.49,846804,0.0
2019-12-26,128.64,128.95,127.2,127.58,1481982,0.0
2019-12-27,128,128,125.93,126.45,1993958,0.0
2019-12-30,125.93,127.89,125.31,126.25,2091817,0.0
2019-12-31,125.53,126.9,124.67,126.45,1774541,0.0
2020-01-02,129.2,138.64,129.2,138.18,7577172,0.0
2020-01-03,134.58,137.16,133.78,133.86,4782042,0.0
2020-01-06,132.75,136.7375,132.51,135.94,3714478,0.0
2020-01-07,138.19,139.47,135.4001,136.7,4242603,0.0
2020-01-08,136.74,139.17,135.7,137.83,3601276,0.0
2020-01-09,140.83,142.48,140.02,140.86,6089458,0.0
2020-01-10,142.62,144.76,140.86,144.51,6445930,0.0
2020-01-13,146.65,147.38,141.75,142.27,6140414,0.0
2020-01-14,140.68,142.2,138.01,140.12,4491291,0.0
2020-01-15,139.57,141.17,138.39,139.4,3163985,0.0
2020-01-16,142.61,142.62,138.8,139.61,3694231,0.0
2020-01-17,140.61,140.99,138.35,139.61,3589556,0.0
2020-01-21,136.49,139,134.4,137.1,7734294,0.0
2020-01-22,138.55,138.87,134.7214,134.79,7682957,0.0
2020-01-23,132.22,134.38,131.17,134.21,7699501,0.0
2020-01-24,134.15,134.4,128.31,130,8220682,0.0
2020-01-27,122,127.39,121,126.29,5000977,0.0
2020-01-28,128.05,128.3,125.82,126.92,2665860,0.0
2020-01-29,127.97,128.18,126.075,126.48,2091838,0.0
2020-01-30,123.75,126.11,122.32,125.75,2851284,0.0
2020-01-31,123.2,123.88,122,123.49,3665037,0.0
2020-02-03,127.15,133.78,126.9,130.39,7188703,0.0
2020-02-04,134.48,134.95,131.11,131.44,3567310,0.0
2020-02-05,134.52,134.58,129.46,130.73,3219454,0.0
2020-02-06,132.25,133.74,130.34,133.18,2498485,0.0
2020-02-07,131.02,131.84,129.7,130.98,2635669,0.0
2020-02-10,129.26,131.69,129.2,131.05,2332502,0.0
2020-02-11,133.51,136.82,132.72,134,3398373,0.0
2020-02-12,136.73,138.5,134.66,137.45,3255703,0.0
2020-02-13,135.06,136.3,133.23,135.19,2755999,0.0
2020-02-14,135.9,135.9,134.05,134.57,1604221,0.0
2020-02-18,134.02,134.785,132.49,134.1,2368353,0.0
2020-02-19,134.24,135.88,132.8,135.82,1999033,0.0
2020-02-20,135,136.32,131.21,132.43,3105867,0.0
2020-02-21,131.35,131.55,128.08,129.75,2918939,0.0
2020-02-24,122.7,127.35,122.14,125.79,4249411,0.0
2020-02-25,128.36,128.44,123.6,124.33,4367603,0.0
2020-02-26,124.71,127.38,121.63,123.42,4614735,0.0
2020-02-27,122.01,124.16,119.35,119.56,6125408,0.0
2020-02-28,115.41,120.5,114.81,119.94,8884343,0.0
2020-03-02,122.8,122.97,117.83,120.8,5572506,0.0
2020-03-03,121.21,122.62,115.68,118.06,4884852,0.0
2020-03-04,119.29,121.7893,119.13,121.41,3485633,0.0
2020-03-05,118.37,120.32,117.595,118.33,2805482,0.0
2020-03-06,114.99,116.91,112.22,113.74,4462852,0.0
2020-03-09,106.94,110.06,105.05,106.37,13596968,0.0
2020-03-10,110.86,111.92,106.86,111.92,4514411,0.0
2020-03-11,110,110.7,107.56,108.19,3505470,0.0
2020-03-12,100.05,102.48,97.42,98.41,8812153,0.0
2020-03-13,104.71,105.61,94.66,100.24,6199240,0.0
2020-03-16,90.92,96.7346,89.68,89.69,5651841,0.0
2020-03-17,89.72,92.28,85.05,91.13,11272486,0.0
2020-03-18,84.6,92.885,82,83.66,7204562,0.0
2020-03-19,83.34,91.66,83.21,89.62,5568710,0.0
2020-03-20,91.25,93.16,87.72,88.67,4621114,0.0
2020-03-23,89.03,92.15,86.23,91.22,3688219,0.0
2020-03-24,95.18,98.92,95.05,96.41,4688243,0.0
2020-03-25,97,102.05,95.08,96.87,5243128,0.0
2020-03-26,98.61,102.46,97.32,101.87,4160513,0.0
2020-03-27,98.5,99.12,96.33,97.64,3570843,0.0
2020-03-30,98.52,99.5,96.15,98.98,2719462,0.0
2020-03-31,98.54,105.25,98.54,100.79,3655221,0.0
2020-04-01,98.11,101.52,97.33,97.68,2734993,0.0
2020-04-02,97.77,100.88,97,99.59,4059206,0.0
2020-04-03,98.92,100.2333,96.1,97.31,1843267,0.0
2020-04-06,100.88,103.2,100.27,102.9,3218872,0.0
2020-04-07,105,107.39,101.05,101.86,6679429,0.0
2020-04-08,98,98.59,94.9,97.31,9587987,0.0
2020-04-09,97.57,100.37,96.4,99.01,5231990,0.0
2020-04-13,98.71,99.93,97.98,98.36,2979031,0.0
2020-04-14,99.41,103.11,99.41,100.82,6283298,0.0
2020-04-15,98.64,100.92,97.37,100.87,4896253,0.0
2020-04-16,101.6,103.03,99.67,102.81,10409456,0.0
2020-04-17,104.21,105.19,103.1501,104.98,13643543,0.0
2020-04-20,103.6,107.67,103.42,104.68,7723359,0.0
2020-04-21,102.1,102.42,98.83,101.31,10433097,0.0
2020-04-22,101.99,104.36,101.2,101.76,11322014,0.0
2020-04-23,101.2,102.38,99.21,99.89,6113097,0.0
2020-04-24,101.1,101.92,99.8939,100.92,6930195,0.0
2020-04-27,101.2,101.55,99.7201,100.49,5401773,0.0
2020-04-28,101,101,96.81,97.13,4056268,0.0
2020-04-29,98.47,99.88,97.01,99.67,9847840,0.0
2020-04-30,99.74,102.98,98.66,100.87,3898935,0.0
2020-05-01,98.2,98.2,94.3144,96.1,8486092,0.0
2020-05-04,95.43,96.02,93.535,94.76,2949215,0.0
2020-05-05,96.41,97.6,95.465,95.73,5153044,0.0
2020-05-06,96.61,98.04,95.29,96.96,2680744,0.0
2020-05-07,98.1,98.4542,97.45,98.17,3838598,0.0
2020-05-08,99.7865,100.67,98.15,99.72,2925591,0.0
2020-05-11,99.76,100.17,98.72,99.61,2384607,0.0
2020-05-12,100,100,97.48,97.495,6195820,0.0
2020-05-13,98.21,98.98,94.15,95.5,4134695,0.0
2020-05-14,93.19,96.17,90.94,96.01,3542964,0.0
2020-05-15,95.18,100.06,94.8961,99.79,3016766,0.0
2020-05-18,101.83,108.17,101.51,107.59,15923612,0.0
2020-05-19,117.8,120.85,109.16,109.65,18649428,0.0
2020-05-20,110.7,114.2,105.7,108.54,27482544,0.0
2020-05-21,107.115,111.53,106.72,110.04,18170198,0.0
2020-05-22,106.26,107.81,102.74,103.31,15370450,0.0
2020-05-26,106,109.225,105.3301,108.42,5292792,0.0
2020-05-27,107.8,108.88,106.01,108.21,3887039,0.0
2020-05-28,106.46,107.67,104.85,106.21,3140666,0.0
2020-05-29,105.82,106.69,102.6,106.58,11172245,0.0
2020-06-01,106.02,108.48,105.31,107.1,6633344,0.0
2020-06-02,107.77,108.72,106.92,107.23,6870932,0.0
2020-06-03,108.62,112.72,108.2,112.45,7502520,0.0
2020-06-04,112.1,113.63,108.52,109.04,7246874,0.0
2020-06-05,111.86,115.2,111.49,114.5,3919111,0.0
2020-06-08,116,118.38,115.63,117.06,3606013,0.0
2020-06-09,115.39,116.76,114.35,115.84,4397138,0.0
2020-06-10,118,118.625,115.92,116.9,5827894,0.0
2020-06-11,112.63,114.08,111,111.88,3452376,0.0
2020-06-12,114.5,116.85,114.3602,115.36,2225400,0.0
2020-06-15,113.39,117.17,113.06,116.81,5772501,0.0
2020-06-16,127.25,128.28,122.2,122.66,8808382,0.0
2020-06-17,123,123.71,121.11,122.05,5990072,0.0
2020-06-18,122.03,123.96,120.79,123.42,1914882,0.0
2020-06-19,124.94,125.64,122.31,123.09,5137687,0.0
2020-06-22,122.37,123.17,120.12,123.17,2355659,0.0
2020-06-23,123.81,124,122.5,123.35,2237421,0.0
2020-06-24,122.05,122.925,119.4,121.33,3141108,0.0
2020-06-25,120.39,123.76,120.39,123.74,2060693,0.0
2020-06-26,123.25,124.97,120.93,121.8,2111671,0.0
2020-06-29,121.01,122.35,118.52,121.35,1928873,0.0
2020-06-30,120.35,121.98,119.12,119.78,1912519,0.0
2020-07-01,119.89,121.14,119.15,120.7,2021888,0.0
2020-07-02,123.22,124.82,122.37,123.22,2720584,0.0
2020-07-06,129.01,133.14,128.05,132.99,4941359,0.0
2020-07-07,130,132,127.82,127.8304,2511418,0.0
2020-07-08,131.01,131.01,128.06,130.74,2692099,0.0
2020-07-09,134.01,135.44,130.23,132.53,3637909,0.0
2020-07-10,130.75,132.53,130.27,132.41,1938296,0.0
2020-07-13,133.702,133.86,127.68,127.83,4341729,0.0
2020-07-14,125,126.15,122.5,125.51,3631496,0.0
2020-07-15,126.96,127,124.05,124.98,1913975,0.0
2020-07-16,121.33,123.595,120.94,123.46,2090054,0.0
2020-07-17,125,125,121.8775,122.77,1582178,0.0
2020-07-20,122.77,124.87,122.655,124.43,1656303,0.0
2020-07-21,125.989,126.2736,123.7314,125.31,2004291,0.0
2020-07-22,123.58,123.79,120.97,122.77,2701518,0.0
2020-07-23,122.21,122.67,120.01,121.1,1630117,0.0
2020-07-24,117.5,119.06,116.39,119.02,2520520,0.0
2020-07-27,117.74,118,114.86,115.93,2707171,0.0
2020-07-28,115.75,116.49,114.75,115.69,1835094,0.0
2020-07-29,116.46,120.45,116.44,119.81,2237498,0.0
2020-07-30,118.17,119.17,117.3,118,1573173,0.0
2020-07-31,118.86,120.19,116.7,119.4,1811009,0.0
2020-08-03,120.29,121.29,119.05,120.55,1501928,0.0
2020-08-04,120.14,127.06,120.14,126.67,3459659,0.0
2020-08-05,127,127.38,124.92,125.85,1607339,0.0
2020-08-06,125.34,126.02,123.27,125.64,1606739,0.0
2020-08-07,122.5,125.09,121.0778,125.01,2974405,0.0
2020-08-10,125.06,125.56,123.97,125.06,2345090,0.0
2020-08-11,125.23,127.79,124.37,124.6,1849365,0.0
2020-08-12,126.23,128.25,125.83,126.11,1829479,0.0
2020-08-13,126.67,126.83,124.04,124.65,3262496,0.0
2020-08-14,118.4,118.57,115.59,116.73,9911296,0.0
2020-08-17,117.99,124.6761,117.67,123.85,6088290,0.0
2020-08-18,123.83,126.59,123.7,124.2,3473264,0.0
2020-08-19,124.13,124.13,121.14,122.71,2475153,0.0
2020-08-20,121.79,123.56,121.25,123.51,2020279,0.0
2020-08-21,121.54,123.65,121.1,122.43,2430872,0.0
2020-08-24,123.87,124.73,122.45,122.89,2012546,0.0
2020-08-25,122.68,126.05,121.935,125.72,3413174,0.0
2020-08-26,125.95,128,123.66,127.47,3106637,0.0
2020-08-27,127.47,128.39,125.67,127.17,2463072,0.0
2020-08-28,127.12,129.03,126.58,128.95,1679491,0.0
2020-08-31,125.81,127.67,124.5,124.5,3339767,0.0
2020-09-01,125.37,127.09,124.93,126.93,1464497,0.0
2020-09-02,127.55,129.03,123.58,124.26,2385952,0.0
2020-09-03,123.47,124.21,119.63,121.42,3290233,0.0
2020-09-04,120.91,123.08,119.77,122.71,2481000,0.0
2020-09-08,117.59,120.2532,116.41,119.22,3002982,0.0
2020-09-09,120.14,120.52,118.38,119.41,1525020,0.0
2020-09-10,119.01,119.78,117.77,119.24,2907433,0.0
2020-09-11,119.97,122.14,118.86,120.63,2091948,0.0
2020-09-14,121.35,122.89,120.87,121.81,988997,0.0
2020-09-15,123.89,124.58,122.37,124.56,2026875,0.0
2020-09-16,125.17,127.25,124.475,126.04,2180028,0.0
2020-09-17,123,124.84,122.62,124.68,1711944,0.0
2020-09-18,124.595,125.1,122.51,124.67,2445940,0.0
2020-09-21,121.36,124.66,120.24,124.55,2412106,0.0
2020-09-22,125.24,125.24,122.72,124.03,1538654,0.0
2020-09-23,123.42,126.39,122.61,122.92,2160810,0.0
2020-09-24,121.28,123.88,120.79,123.76,2415310,0.0
2020-09-25,122.24,123.95,121,123.79,2944647,0.0
2020-09-28,124.49,126.12,124.23,126.075,1556509,0.0
2020-09-29,125.01,125.8,122.47,122.58,1714523,0.0
2020-09-30,123.835,129,123.07,126.59,2884152,0.0
2020-10-01,126.45,127.285,125.52,126.44,1487944,0.0
2020-10-02,124.66,126.09,123.5,124.62,1563042,0.0
2020-10-05,124.83,126.12,124.1,124.68,1154563,0.0
2020-10-06,124.98,127.075,124.18,124.84,1302145,0.0
2020-10-07,125.8,126.99,125.32,126.34,1416678,0.0
2020-10-08,128.7,128.7,126.3901,126.75,1113759,0.0
2020-10-09,126.79,127.64,126.11,126.48,1127820,0.0
2020-10-12,129.03,129.1,127.13,127.69,2796963,0.0
2020-10-13,127.81,128.015,126.38,127.02,1360122,0.0
2020-10-14,127.8,138.98,127.35,136.07,9212518,0.0
2020-10-15,133.2,134.7,129.68,130.03,5641264,0.0
2020-10-16,131.9,132.91,130.23,130.36,2201329,0.0
2020-10-19,131.5,133.46,128.7001,129.32,1706834,0.0
2020-10-20,130.01,131.79,128.49,130.05,1706490,0.0
2020-10-21,132.63,136.17,132.01,134.84,3009186,0.0
2020-10-22,134.84,135.13,130.48,132.87,1966298,0.0
2020-10-23,133,134.145,130.3,133.91,1404151,0.0
2020-10-26,132.85,134.9,131.13,132.94,2006278,0.0
2020-10-27,132,135.31,131.75,134.9,1965379,0.0
2020-10-28,132.05,132.43,128.02,130.73,3332932,0.0
2020-10-29,130.94,132.93,130.06,131.94,2633192,0.0
2020-10-30,131,133.31,130.47,133.05,2695738,0.0
