Date,Open,High,Low,Close,Volume,OpenInterest
2018-07-09,123.25,123.77,122.43,123.72,3604983,0.0
2018-07-10,20.5,22.39,20.46,22.17,20612187,0.0
2018-07-11,21.85,24.4,21.85,24.01,23676514,0.0
2018-07-12,24.05,25.25,24.04,25,9931501,0.0
2018-07-13,24.86,24.95,23.83,24.24,7571524,0.0
2018-07-16,24.83,25,24.56,24.79,6847464,0.0
2018-07-17,24.9,25.08,24.77,24.96,3916680,0.0
2018-07-18,25.03,25.03,24.53,24.79,3841867,0.0
2018-07-19,24.77,24.79,24.23,24.41,3910930,0.0
2018-07-20,24.55,24.81,24.34,24.59,3159436,0.0
2018-07-23,24.6,24.86,24.26,24.29,2712105,0.0
2018-07-24,24.33,24.44,24.17,24.295,2735657,0.0
2018-07-25,24.64,24.73,24.33,24.33,2330681,0.0
2018-07-26,24.46,24.72,24.357,24.52,2044304,0.0
2018-07-27,24.45,24.479,24.06,24.16,1175356,0.0
2018-07-30,24.2,24.3,23.97,24.02,2244964,0.0
2018-07-31,23.96,24.07,23.81,24.01,1596617,0.0
2018-08-01,24.07,24.33,23.88,24.2,1954813,0.0
2018-08-02,24.28,24.37,23.8618,23.9,1473620,0.0
2018-08-03,24.03,24.16,23.81,24.04,2370329,0.0
2018-08-06,24.16,24.16,23.84,23.92,1286257,0.0
2018-08-07,23.9,23.9,23.71,23.84,1407662,0.0
2018-08-08,24.01,24.39,23.65,23.68,2026296,0.0
2018-08-09,23.77,23.97,23.6,23.84,1421058,0.0
2018-08-10,23.85,23.85,23.6,23.7,991448,0.0
2018-08-13,23.87,23.99,23.71,23.74,1156658,0.0
2018-08-14,23.4,23.74,23.36,23.61,2424115,0.0
2018-08-15,23.5,23.59,23.3,23.35,2701811,0.0
2018-08-16,23.45,23.67,23.4,23.59,2326091,0.0
2018-08-17,23.48,23.64,23.341,23.62,1523612,0.0
2018-08-20,23.46,23.64,23.32,23.36,997499,0.0
2018-08-21,23.43,23.47,22.9,23.01,1595612,0.0
2018-08-22,23.02,23.41,22.91,23.12,1890242,0.0
2018-08-23,23.24,23.46,23.1599,23.21,1742404,0.0
2018-08-24,23.44,23.44,23.27,23.4,1611169,0.0
2018-08-27,23.31,23.39,23.08,23.11,1394376,0.0
2018-08-28,23.13,23.1763,22.76,22.94,1675965,0.0
2018-08-29,22.91,23.03,22.75,22.8,1607799,0.0
2018-08-30,23,23.24,22.92,23,1964151,0.0
2018-08-31,23.04,23.096,22.74,22.8,1548408,0.0
2018-09-04,22.79,23.11,22.64,22.65,3295724,0.0
2018-09-05,22.61,23.17,22.51,22.95,3670028,0.0
2018-09-06,23.06,23.09,22.8,22.99,2215889,0.0
2018-09-07,22.86,22.99,22.77,22.88,2798041,0.0
2018-09-10,22.9,23.23,22.89,23.095,2488100,0.0
2018-09-11,23.1,23.2,23.01,23.18,1737882,0.0
2018-09-12,23.26,24.01,23.23,24.01,3092874,0.0
2018-09-13,23.95,24.14,23.77,24.13,1522955,0.0
2018-09-14,24.13,24.47,24.08,24.47,1767276,0.0
2018-09-17,24.38,24.4,23.5,23.53,2362989,0.0
2018-09-18,23.53,23.71,23.48,23.56,1470223,0.0
2018-09-19,23.66,23.67,23.45,23.56,1471754,0.0
2018-09-20,23.51,23.89,23.42,23.65,1575990,0.0
2018-09-21,23.66,23.86,23.57,23.79,1363289,0.0
2018-09-24,23.74,23.74,23.42,23.53,1462570,0.0
2018-09-25,23.55,23.6,23.27,23.53,1607536,0.0
2018-09-26,23.59,23.62,23.355,23.43,1684200,0.0
2018-09-27,23.35,23.38,23.08,23.11,1068190,0.0
2018-09-28,23.13,23.24,23.06,23.18,1468727,0.0
2018-10-01,23.29,23.35,22.85,23.1,1757067,0.0
2018-10-02,22.98,23.0485,22.77,22.82,1367105,0.0
2018-10-03,22.8,22.91,22.72,22.83,1382006,0.0
2018-10-04,22.68,22.7,22.325,22.4,1176084,0.0
2018-10-05,22.35,22.44,22.19,22.26,1531143,0.0
2018-10-08,22.33,22.59,22.27,22.57,1123485,0.0
2018-10-09,22.41,22.98,22.39,22.96,1977564,0.0
2018-10-10,23.12,23.575,22.91,23.525,4600529,0.0
2018-10-11,23.49,23.49,22.61,22.79,3347619,0.0
2018-10-12,22.87,23.145,22.51,23.05,2426382,0.0
2018-10-15,23.09,23.41,22.98,23.31,1340087,0.0
2018-10-16,23.42,24.08,23.28,23.89,1607456,0.0
2018-10-17,23.87,24.06,23.77,23.93,1452991,0.0
2018-10-18,23.9,24.04,23.46,23.8,1604101,0.0
2018-10-19,23.76,24.17,23.76,24.09,3698660,0.0
2018-10-22,24.14,24.16,23.75,23.91,3202620,0.0
2018-10-23,23.7,23.99,22.95,23.745,2818157,0.0
2018-10-24,23.61,23.93,23.45,23.91,2145084,0.0
2018-10-25,23.93,24.1,23.64,24.05,1654787,0.0
2018-10-26,23.97,24.09,23.58,24.09,1843748,0.0
2018-10-29,24.14,24.7,23.98,24.29,2263642,0.0
2018-10-30,24.42,24.69,24.29,24.57,1655516,0.0
2018-10-31,25.58,26.6,25.08,26,10375939,0.0
2018-11-01,26.15,26.71,25.86,26.51,4593416,0.0
2018-11-02,26.48,26.745,26.35,26.67,5679418,0.0
2018-11-05,26.74,26.9515,26.47,26.64,4609813,0.0
2018-11-06,26.63,27.245,26.57,27.195,2644993,0.0
2018-11-07,27.34,27.78,27.24,27.64,2586288,0.0
2018-11-08,27.92,28.81,27.355,28.47,3898615,0.0
2018-11-09,28.33,28.59,28.11,28.52,1759893,0.0
2018-11-12,28.42,28.71,28.28,28.51,2740049,0.0
2018-11-13,28.56,28.67,27.82,27.93,2306359,0.0
2018-11-14,28.32,28.42,27.37,27.76,8478806,0.0
2018-11-15,27.64,27.64,27.23,27.55,2913205,0.0
2018-11-16,27.41,27.79,27.26,27.71,1660543,0.0
2018-11-19,27.66,27.72,27.32,27.44,2788184,0.0
2018-11-20,27.28,27.29,26.295,26.31,2322526,0.0
2018-11-21,26.27,26.3,25.65,26.165,5253567,0.0
2018-11-23,26.42,26.63,26.19,26.54,827045,0.0
2018-11-26,26.54,26.8,26.38,26.67,1320516,0.0
2018-11-27,26.575,26.59,25.84,26.1,4026601,0.0
2018-11-28,26.23,26.66,26.2,26.66,3066080,0.0
2018-11-29,26.89,27,26.66,26.98,3029066,0.0
2018-11-30,26.96,27.08,26.88,27.02,751290,0.0
2018-12-03,26.75,26.85,25.84,26.35,4180112,0.0
2018-12-04,26.5,27.06,26.16,26.45,5498271,0.0
2018-12-06,26.25,26.25,25.31,25.99,4070082,0.0
2018-12-07,26.25,26.5,25.965,26.31,4121174,0.0
2018-12-10,26.24,26.24,25.57,25.93,2956833,0.0
2018-12-11,26,26.36,25.96,26.28,2809913,0.0
2018-12-12,26.5,26.5,26.08,26.11,2567452,0.0
2018-12-13,26.22,26.34,25.96,26.15,2450159,0.0
2018-12-14,25.96,26.1,25.83,25.92,2374963,0.0
2018-12-17,25.79,25.9,25.11,25.23,4250055,0.0
2018-12-18,25.23,25.3,24.52,24.67,4622128,0.0
2018-12-19,24.69,25.45,24.69,25.11,3819209,0.0
2018-12-20,25.13,25.51,24.88,25.38,4455764,0.0
2018-12-21,25.33,25.97,25.055,25.12,3409281,0.0
2018-12-24,25.1,25.19,24.54,24.665,3414589,0.0
2018-12-26,24.67,25.61,24.67,25.6,2441233,0.0
2018-12-27,25.4,25.47,24.78,25.46,2792963,0.0
2018-12-28,25.59,25.68,25.14,25.39,2572679,0.0
2018-12-31,25.46,25.762,25.21,25.57,1718813,0.0
2019-01-02,25.28,25.455,24.86,25.245,3018449,0.0
2019-01-03,25.08,25.47,24.92,25.07,2137763,0.0
2019-01-04,25.14,25.61,25.02,25.545,2734321,0.0
2019-01-07,25.59,26,25.51,25.855,1753717,0.0
2019-01-08,26.13,26.23,25.73,25.95,3000110,0.0
2019-01-09,26.11,26.64,26.11,26.46,4550357,0.0
2019-01-10,26.49,26.57,26.22,26.315,1747700,0.0
2019-01-11,26.42,27,26.37,26.99,3135069,0.0
2019-01-14,26.99,26.99,26.135,26.2943,2324638,0.0
2019-01-15,26.39,26.6,26.03,26.565,2027440,0.0
2019-01-16,26.57,26.57,25.98,26.255,2702453,0.0
2019-01-17,26.28,26.54,26.115,26.3,1929486,0.0
2019-01-18,26.4,26.65,26.4,26.64,1977130,0.0
2019-01-22,26.49,26.6,26.34,26.53,2112771,0.0
2019-01-23,26.57,26.66,26.42,26.47,1519413,0.0
2019-01-24,26.4,26.54,26.2996,26.355,1759199,0.0
2019-01-25,26.36,26.51,26.21,26.315,1108551,0.0
2019-01-28,26.27,26.27,25.94,26.24,1397601,0.0
2019-01-29,26.27,26.51,26.22,26.435,1378154,0.0
2019-01-30,26.44,26.72,26.335,26.58,1721121,0.0
2019-01-31,26.71,27.33,26.58,27.33,3138260,0.0
2019-02-01,27.32,27.45,27.04,27.24,1583611,0.0
2019-02-04,27.27,27.37,27.1,27.12,1377311,0.0
2019-02-05,27.17,27.25,27.01,27.11,999022,0.0
2019-02-06,27.14,27.23,27.01,27.1481,1039044,0.0
2019-02-07,27.01,27.21,27.01,27.155,1251931,0.0
2019-02-08,27.13,27.755,27.03,27.71,1424420,0.0
2019-02-11,27.75,28.15,27.7,28.145,1989841,0.0
2019-02-12,28.13,28.43,28.11,28.29,1910172,0.0
2019-02-13,28.5,28.5,28.24,28.395,1165320,0.0
2019-02-14,28.21,28.46,27.82,27.96,3209787,0.0
2019-02-15,28.05,28.255,27.97,28.235,1129157,0.0
2019-02-19,28.26,28.37,28.1,28.19,1600004,0.0
2019-02-20,28.12,28.3,28.12,28.17,1361854,0.0
2019-02-21,28.22,28.33,27.99,28.17,1294867,0.0
2019-02-22,28.01,28.01,27.0542,27.47,3140951,0.0
2019-02-25,27.49,27.51,26.74,27,2219053,0.0
2019-02-26,26.93,27.0007,26.51,26.54,2522650,0.0
2019-02-27,26.5,26.95,26.47,26.94,3695969,0.0
2019-02-28,25.65,26,25.05,25.15,7632306,0.0
2019-03-01,25.5,26.03,25.13,26,6410545,0.0
2019-03-04,25.87,26.11,25.78,26.05,3392814,0.0
2019-03-05,26,26.14,25.93,26,2120564,0.0
2019-03-06,26.41,26.66,26.12,26.51,3231873,0.0
2019-03-07,26.5,26.98,26.26,26.53,2689801,0.0
2019-03-08,26.4,26.57,26.24,26.4,2347360,0.0
2019-03-11,26.48,26.95,26.41,26.88,2292852,0.0
2019-03-12,27.14,27.24,26.98,27.23,1849661,0.0
2019-03-13,27.23,27.42,26.4,27.36,1804380,0.0
2019-03-14,27.36,27.5,27.17,27.375,1777056,0.0
2019-03-15,27.54,27.75,27.53,27.7,1712450,0.0
2019-03-18,27.85,27.935,27.55,27.84,1954490,0.0
2019-03-19,27.95,28.09,27.37,27.5,2293311,0.0
2019-03-20,27.44,27.9199,27.2475,27.76,2005043,0.0
2019-03-21,27.71,28.06,27.67,28.03,1177564,0.0
2019-03-22,27.98,28.15,27.7,27.71,1674647,0.0
2019-03-25,27.6,27.96,27.6,27.81,1826712,0.0
2019-03-26,27.93,28.25,27.86,28.14,1413538,0.0
2019-03-27,28.09,28.24,27.745,27.92,1356174,0.0
2019-03-28,27.94,28.13,27.855,27.96,1188217,0.0
2019-03-29,28,28.17,27.765,27.95,1490174,0.0
2019-04-01,27.98,28,27.52,27.71,867670,0.0
2019-04-02,27.73,27.77,27.33,27.365,1907798,0.0
2019-04-03,27.26,27.75,26.96,27.59,2577947,0.0
2019-04-04,27.51,27.54,27.24,27.25,1450144,0.0
2019-04-05,27.38,27.65,27.23,27.34,1573000,0.0
2019-04-08,27.26,27.67,27.23,27.61,1940916,0.0
2019-04-09,27.52,27.795,27.47,27.69,1961782,0.0
2019-04-10,27.68,28.18,27.68,28.09,2482621,0.0
2019-04-11,27.1,27.3,26.59,26.88,5894545,0.0
2019-04-12,26.79,26.86,26.42,26.5,2426843,0.0
2019-04-15,26.5,26.7,26.41,26.57,1561409,0.0
2019-04-16,26.59,26.68,26.28,26.42,1123353,0.0
2019-04-17,26.43,26.57,26.19,26.25,968677,0.0
2019-04-18,26.37,26.62,26.09,26.62,1263853,0.0
2019-04-22,26.54,26.875,26.48,26.85,1578405,0.0
2019-04-23,26.95,27.37,26.905,27.36,4187676,0.0
2019-04-24,27.39,27.96,27.29,27.51,4442570,0.0
2019-04-25,27.35,27.71,27.07,27.66,1785910,0.0
2019-04-26,27.7,28.59,27.65,28.53,1936996,0.0
2019-04-29,28.5,28.76,28.38,28.61,2055410,0.0
2019-04-30,28.6,29.13,28.52,29.07,2294406,0.0
2019-05-01,29.05,29.05,28.45,28.47,1449180,0.0
2019-05-02,28.35,28.965,28.35,28.95,1706122,0.0
2019-05-03,29.06,29.16,28.91,29.05,2084715,0.0
2019-05-06,28.81,29.49,28.77,29.43,1198294,0.0
2019-05-07,29.24,29.33,28.9,29.06,2607646,0.0
2019-05-08,29.165,29.395,28.95,29.2,2928820,0.0
2019-05-09,29.51,29.735,27.87,28.28,2570183,0.0
2019-05-10,28.05,29.43,28.01,29.42,2160034,0.0
2019-05-13,29.19,29.42,29.04,29.265,2320930,0.0
2019-05-14,29.31,29.74,29.21,29.59,2736508,0.0
2019-05-15,29.5,29.76,29.415,29.545,1353424,0.0
2019-05-16,29.35,29.4556,28.4,28.61,3341902,0.0
2019-05-17,28.65,29.48,28.55,29.23,1892534,0.0
2019-05-20,29.37,29.37,28.97,29.14,1554450,0.0
2019-05-21,29.26,29.33,29.05,29.08,1671858,0.0
2019-05-22,29,29.19,28.92,29.12,1575680,0.0
2019-05-23,29.1,29.21,28.81,28.95,1781155,0.0
2019-05-24,29,29.41,28.905,29.215,2056088,0.0
2019-05-28,29.22,29.33,28.78,28.84,2023263,0.0
2019-05-29,28.64,28.67,28.09,28.43,2010049,0.0
2019-05-30,28.47,28.57,28.27,28.365,1097050,0.0
2019-05-31,28.1,28.355,27.93,28.19,1126214,0.0
2019-06-04,28.31,28.4275,27.915,28.08,1272802,0.0
2019-06-05,28.2,28.56,28.14,28.37,1495347,0.0
2019-06-06,28.38,28.54,28.22,28.365,1047328,0.0
2019-06-07,28.49,28.7,28.31,28.33,1508456,0.0
2019-06-10,28.48,28.65,28.3,28.62,2489248,0.0
2019-06-11,28.65,28.74,27.99,28.32,1888289,0.0
2019-06-12,28.36,28.69,28.36,28.48,1890869,0.0
2019-06-13,28.52,28.75,28.37,28.63,1832764,0.0
2019-06-14,28.61,28.82,28.48,28.64,1412413,0.0
2019-06-17,29.39,30.05,29.24,30.03,2664686,0.0
2019-06-18,30.12,30.18,29.625,30.06,2444972,0.0
2019-06-19,29.94,30.53,29.81,30.425,1450439,0.0
2019-06-20,30.62,30.99,30.565,30.91,2559435,0.0
2019-06-21,30.89,31.06,30.11,30.66,2666437,0.0
2019-06-24,30.67,30.67,29.545,29.96,3045879,0.0
2019-06-25,29.97,30.07,29.42,29.57,2565107,0.0
2019-06-26,29.64,29.76,28.57,28.76,2853142,0.0
2019-06-27,28.82,28.82,28.32,28.69,2250994,0.0
2019-06-28,28.78,29.06,28.58,28.94,2327350,0.0
2019-07-01,29.12,29.56,28.98,29.49,3583792,0.0
2019-07-02,29.55,29.83,29.33,29.76,1883696,0.0
2019-07-03,29.73,30.27,29.73,30.23,990509,0.0
2019-07-05,30.08,30.195,29.87,30.09,1237977,0.0
2019-07-08,29.98,30,29.83,29.92,1332725,0.0
2019-07-09,29.82,29.92,29.32,29.395,1369675,0.0
2019-07-10,29.48,29.55,29.15,29.16,1521314,0.0
2019-07-11,29.21,29.27,28.915,29.04,1152212,0.0
2019-07-12,29.02,29.04,28.67,28.725,1313925,0.0
2019-07-15,28.82,28.94,28.46,28.51,2309893,0.0
2019-07-16,28.55,28.64,28.17,28.29,2365076,0.0
2019-07-17,28.21,28.44,27.915,27.98,2115604,0.0
2019-07-18,28.02,28.09,27.395,27.98,2117206,0.0
2019-07-19,27.89,28.07,27.61,27.63,1881543,0.0
2019-07-22,27.65,27.8731,27.57,27.61,1438816,0.0
2019-07-23,28.03,28.21,27.515,27.72,2435819,0.0
2019-07-24,27.62,27.925,27.54,27.76,2453234,0.0
2019-07-25,27.65,28.17,27.65,28.01,2047136,0.0
2019-07-26,28.14,28.3,28.03,28.1,1206391,0.0
2019-07-29,28.08,28.16,27.905,28,907050,0.0
2019-07-30,27.87,28.29,27.86,28.205,2042618,0.0
2019-07-31,28.2,28.41,27.86,28.14,2054680,0.0
2019-08-01,28.19,28.55,28.02,28.14,1447899,0.0
2019-08-02,28.16,28.27,27.96,28.1,1847603,0.0
2019-08-05,27.91,28.16,27.63,28,3142871,0.0
2019-08-06,28.05,28.14,27.65,27.86,2381834,0.0
2019-08-07,27.7,27.78,27.36,27.62,4217647,0.0
2019-08-08,28.25,29.23,27.61,29.03,2945450,0.0
2019-08-09,29.03,29.59,28.96,29.08,2058854,0.0
2019-08-12,29.06,29.12,28.485,28.62,1773413,0.0
2019-08-13,28.55,28.91,28.34,28.47,1638870,0.0
2019-08-14,28.59,28.61,27.41,27.43,2053381,0.0
2019-08-15,27.56,28.01,27.51,27.84,2424464,0.0
2019-08-16,27.99,28.05,27.68,28.01,1436886,0.0
2019-08-19,28.08,28.25,27.93,27.97,1351242,0.0
2019-08-20,27.89,28.18,27.82,27.89,1562939,0.0
2019-08-21,28.02,28.02,27.615,27.72,1039737,0.0
2019-08-22,27.77,27.82,27.46,27.49,1185791,0.0
2019-08-23,27.47,27.54,26.63,26.73,1202002,0.0
2019-08-26,26.75,26.8394,26.56,26.745,1116088,0.0
2019-08-27,26.81,26.94,26.695,26.74,1939185,0.0
2019-08-28,26.71,26.9,26.55,26.83,1641936,0.0
2019-08-29,27.02,27.35,26.96,27.23,1102192,0.0
2019-08-30,27.28,27.39,27.03,27.27,1269305,0.0
2019-09-03,27.11,27.12,26.54,26.6,2090046,0.0
2019-09-04,26.5,27,25.94,27,3487492,0.0
2019-09-05,27.23,27.23,26.93,27.16,3175378,0.0
2019-09-06,27.24,27.24,26.7,26.85,2698747,0.0
2019-09-09,26.82,26.95,26.54,26.75,3044968,0.0
2019-09-10,26.65,27.17,26.42,27.15,2897216,0.0
2019-09-11,27.09,28.29,27.03,28.29,3956872,0.0
2019-09-12,28.44,28.53,27.645,27.67,1975270,0.0
2019-09-13,27.54,27.76,27.41,27.55,1203212,0.0
2019-09-16,27.55,27.66,27.2914,27.315,970278,0.0
2019-09-17,27.31,27.86,27.29,27.85,1450773,0.0
2019-09-18,27.81,28.03,27.64,27.96,1827305,0.0
2019-09-19,27.97,28.095,27.58,27.615,1131676,0.0
2019-09-20,27.6,27.745,27.3,27.32,2738791,0.0
2019-09-23,27.32,27.35,27.12,27.135,1521945,0.0
2019-09-24,27.14,27.35,26.765,26.96,1501186,0.0
2019-09-25,27,27.145,26.93,27,3835533,0.0
2019-09-26,27.34,27.59,27.06,27.23,1296300,0.0
2019-09-27,27.27,27.29,26.92,27.01,1115146,0.0
2019-09-30,27.04,27.46,27.01,27.32,1279419,0.0
2019-10-01,27.32,27.395,26.94,27.04,1154478,0.0
2019-10-02,26.94,27.07,26.61,26.925,1819419,0.0
2019-10-03,26.95,27.28,26.825,27.24,2315775,0.0
2019-10-04,27.28,27.705,27.23,27.59,2456851,0.0
2019-10-07,27.52,27.64,27.39,27.475,3073911,0.0
2019-10-08,27.38,27.43,26.93,26.95,2277912,0.0
2019-10-09,27.04,27.42,26.957,27.09,1567185,0.0
2019-10-10,27.15,27.71,26.935,27.63,4413533,0.0
2019-10-11,27.66,28.065,27.585,27.81,2109060,0.0
2019-10-14,27.55,27.67,27.195,27.401,2788319,0.0
2019-10-15,27.44,27.65,27.44,27.54,1504735,0.0
2019-10-16,27.51,27.65,27.37,27.6,1099976,0.0
2019-10-17,27.66,27.86,27.56,27.6,1693809,0.0
2019-10-18,27.47,27.74,27.468,27.585,2401213,0.0
2019-10-21,27.58,27.6,27.23,27.49,2852634,0.0
2019-10-22,27.54,27.7,27.44,27.51,1532464,0.0
2019-10-23,27.48,27.695,27.43,27.62,1047146,0.0
2019-10-24,27.6,27.855,27.53,27.705,1151073,0.0
2019-10-25,27.54,27.75,27.32,27.52,1186194,0.0
2019-10-28,27.52,27.77,27.48,27.66,1238062,0.0
2019-10-29,27.6,27.93,27.54,27.64,1310037,0.0
2019-10-30,27.72,27.92,27.5,27.9,1413785,0.0
2019-10-31,28,28.2,27.85,28.16,1515313,0.0
2019-11-01,28.25,28.43,28.17,28.21,1583121,0.0
2019-11-04,28.22,28.2546,27.73,27.86,1159852,0.0
2019-11-05,27.91,28.235,27.79,28.01,1706749,0.0
2019-11-06,28.04,28.3,27.93,28.19,2568885,0.0
2019-11-07,30.75,32,29.685,29.822,5413274,0.0
2019-11-08,29.83,29.93,28.78,29.2,2360501,0.0
2019-11-11,29.15,29.325,28.96,28.99,1247180,0.0
2019-11-12,28.99,29.255,28.881,29.2,1805813,0.0
2019-11-13,29.29,29.53,29.09,29.49,1776733,0.0
2019-11-14,29.5,30.01,29.43,29.99,1545421,0.0
2019-11-15,29.96,30.08,29.77,30.02,924336,0.0
2019-11-18,29.93,30.55,29.87,30.37,2113231,0.0
2019-11-19,30.37,30.37,29.49,30.19,2254897,0.0
2019-11-20,30.38,30.68,30.09,30.53,1349566,0.0
2019-11-21,30.45,30.66,30.16,30.62,1122406,0.0
2019-11-22,30.72,30.72,30.17,30.29,1072299,0.0
2019-11-25,30.44,30.84,30.28,30.7,1955824,0.0
2019-11-26,30.7,31.08,30.56,30.98,1388095,0.0
2019-11-27,31.06,31.31,30.89,31.21,1274015,0.0
2019-11-29,31.25,31.265,30.93,30.99,484920,0.0
2019-12-02,30.87,30.87,30.41,30.51,1582540,0.0
2019-12-03,30.27,30.42,29.95,30,2335081,0.0
2019-12-04,29.95,30.27,29.95,30.03,3131411,0.0
2019-12-05,30.19,30.19,29.19,29.2,2444945,0.0
2019-12-06,29.35,29.67,29.26,29.29,1608133,0.0
2019-12-09,29.25,29.4,29.13,29.18,1476667,0.0
2019-12-10,29.15,29.25,28.96,29.15,2568411,0.0
2019-12-11,29.12,29.195,28.755,28.83,1206457,0.0
2019-12-12,29.19,29.19,28.72,28.77,1451775,0.0
2019-12-13,28.69,28.87,28.66,28.76,1014767,0.0
2019-12-16,28.76,28.915,28.67,28.89,2662911,0.0
2019-12-17,28.78,29.09,28.78,28.89,1642203,0.0
2019-12-18,28.89,29.01,28.43,28.56,1403421,0.0
2019-12-19,28.55,28.77,28.44,28.52,1379264,0.0
2019-12-20,28.62,29.025,28.55,28.85,1992143,0.0
2019-12-23,28.91,29.0399,28.72,28.8,822471,0.0
2019-12-24,28.83,28.87,28.65,28.66,523842,0.0
2019-12-26,28.66,28.84,28.62,28.82,777343,0.0
2019-12-27,28.91,28.915,28.75,28.84,601065,0.0
2019-12-30,28.8,28.97,28.74,28.88,781380,0.0
2019-12-31,28.82,29.05,28.82,28.95,1097344,0.0
2020-01-02,28.89,28.9,28.59,28.74,1553583,0.0
2020-01-03,28.56,28.87,28.5,28.81,967755,0.0
2020-01-06,28.63,29.03,28.63,28.98,1466227,0.0
2020-01-07,28.87,29.02,28.18,28.18,1060839,0.0
2020-01-08,28.2,28.34,27.74,27.76,1634876,0.0
2020-01-09,27.84,28.055,27.81,27.87,4592891,0.0
2020-01-10,27.85,28.335,27.85,27.89,4825462,0.0
2020-01-13,27.83,27.955,27.75,27.77,2568925,0.0
2020-01-14,27.72,27.84,27.35,27.6,2304492,0.0
2020-01-15,27.62,28.18,27.6,27.855,2233416,0.0
2020-01-16,27.94,28.09,27.562,27.62,3044533,0.0
2020-01-17,27.62,27.94,27.6,27.67,3883363,0.0
2020-01-21,27.38,27.59,27.08,27.09,4949646,0.0
2020-01-22,27.16,28.11,27.16,28.03,15363443,0.0
2020-01-23,27.54,27.815,27.14,27.77,11387378,0.0
2020-01-24,27.85,28.13,27.63,28.05,7215806,0.0
2020-01-27,27.66,28.12,27.64,28.02,2815440,0.0
2020-01-28,28.05,28.57,28.01,28.53,2744656,0.0
2020-01-29,28.57,28.837,28.49,28.55,2089315,0.0
2020-01-30,28.51,28.81,28.46,28.65,2306093,0.0
2020-01-31,28.7,28.865,28.48,28.52,2589757,0.0
2020-02-03,28.48,28.795,28.46,28.68,1070145,0.0
2020-02-04,28.93,29.02,28.67,28.67,1073374,0.0
2020-02-05,28.8,28.96,28.63,28.68,750461,0.0
2020-02-06,28.76,28.97,28.43,28.56,1542507,0.0
2020-02-07,28.5,28.64,28.46,28.56,1512850,0.0
2020-02-10,28.5,28.75,28.45,28.71,2242334,0.0
2020-02-11,28.75,28.86,28.64,28.66,1017139,0.0
2020-02-12,28.66,28.76,28.47,28.63,1358782,0.0
2020-02-13,28.45,28.78,28.44,28.59,2003977,0.0
2020-02-14,28.65,28.98,28.58,28.87,1047241,0.0
2020-02-18,28.78,29.1741,28.78,28.89,3145263,0.0
2020-02-19,28.91,29.06,28.795,28.85,1237471,0.0
2020-02-20,28.83,29.33,28.8,29.3,1198580,0.0
2020-02-21,29.33,29.545,29.07,29.5,1259064,0.0
2020-02-24,29.2,29.42,28.98,29.13,1372333,0.0
2020-02-25,29.22,29.38,28.4,28.93,2819158,0.0
2020-02-26,29.06,29.42,28.495,28.71,2873175,0.0
2020-02-27,27.7,28.84,27.5,28.22,7263102,0.0
2020-02-28,27.84,28,26.77,27.87,3704623,0.0
2020-03-02,27.9,28.29,27.44,28.26,4187310,0.0
2020-03-03,28.26,28.51,27.495,27.545,5257386,0.0
2020-03-04,27.92,28.11,27.44,27.77,8553212,0.0
2020-03-05,27.11,27.27,25.855,27.02,31771349,0.0
2020-03-06,26.37,26.66,26.11,26.64,12219444,0.0
2020-03-09,25.74,26.09,21.38,24.41,13371886,0.0
2020-03-10,25.13,25.41,23.37,25.255,11198374,0.0
2020-03-11,24.72,25.08,24.05,24.52,10484272,0.0
2020-03-12,23.45,24.05,22.26,23,15361484,0.0
2020-03-13,23.75,24.06,22.55,23.47,10350548,0.0
2020-03-16,21.07,21.89,19.555,19.6,11042488,0.0
2020-03-17,20.02,20.43,19.03,20.31,16142000,0.0
2020-03-18,19.31,20.15,18.98,19.9,11855826,0.0
2020-03-19,19.9,24.635,19.9,24.32,14069144,0.0
2020-03-20,24.57,25.02,22.72,23.5,9977506,0.0
2020-03-23,23.28,23.74,22.81,23.17,9280158,0.0
2020-03-24,24.09,24.765,23.29,23.89,12601002,0.0
2020-03-25,23.95,25.7,23.64,25,8660406,0.0
2020-03-26,24.84,25.88,24.34,24.8,10521672,0.0
2020-03-27,24.06,24.79,23.86,24.36,5047984,0.0
2020-03-30,24.59,24.87,24.03,24.81,7139612,0.0
2020-03-31,24.41,24.76,24.185,24.25,4354144,0.0
2020-04-01,23.7,24.19,23.43,23.67,5764714,0.0
2020-04-02,23.35,23.96,23.29,23.86,5358176,0.0
2020-04-03,23.74,23.92,23.42,23.8,3671564,0.0
2020-04-06,24.37,24.74,24.21,24.61,4646520,0.0
2020-04-07,24.91,26.79,24.89,25.9,7243790,0.0
2020-04-08,25.97,26.79,25.63,26.615,2464194,0.0
2020-04-09,26.8,27.6,26.46,26.86,4394158,0.0
2020-04-13,26.66,26.86,26.22,26.32,2261548,0.0
2020-04-14,26.56,27.82,26.37,27.51,4251484,0.0
2020-04-15,27.05,27.37,26.73,26.85,2303286,0.0
2020-04-16,27.14,27.14,26.57,26.85,3497482,0.0
2020-04-17,27.15,27.31,25.95,26.19,8050646,0.0
2020-04-20,25.87,26.33,25.6761,26.02,3427804,0.0
2020-04-21,25.62,25.83,25.27,25.655,5146754,0.0
2020-04-22,25.83,26.66,25.8038,26.52,3846566,0.0
2020-04-23,26.48,26.59,26.06,26.16,3257502,0.0
2020-04-24,26.29,26.45,25.8996,26.3,2850710,0.0
2020-04-27,27.16,27.25,25.74,25.86,7563260,0.0
2020-04-28,28,28,26.88,27.14,10306622,0.0
2020-04-29,27.1,27.39,26.26,26.64,4818400,0.0
2020-04-30,26.62,26.77,26.155,26.46,4545070,0.0
2020-05-01,26.25,26.365,25.725,25.89,2615136,0.0
2020-05-04,25.55,26.06,25.55,26.04,2794719,0.0
2020-05-05,26.06,26.505,26.06,26.26,2640358,0.0
2020-05-06,26.51,27.01,26.46,26.74,4644222,0.0
2020-05-07,26.58,26.91,26.15,26.38,10005112,0.0
2020-05-08,26.66,26.77,26.29,26.33,4840532,0.0
2020-05-11,26.33,27.025,26.115,26.95,8527906,0.0
2020-05-12,27.2,27.24,26.52,26.59,5857692,0.0
2020-05-13,26.95,27.098,26.25,26.41,12116016,0.0
2020-05-14,25.98,26.4,25.91,26.39,5879434,0.0
2020-05-15,26.48,26.69,26.26,26.3,4284566,0.0
2020-05-18,26.76,27.015,26.6,26.95,4653266,0.0
2020-05-19,27.01,27.48,27.0066,27.22,7695554,0.0
2020-05-20,27.48,27.86,27.46,27.68,4483360,0.0
2020-05-21,26.88,27.18,26.74,26.87,16307548,0.0
2020-05-22,26.98,27.3,26.85,27.15,17933248,0.0
2020-05-26,27.52,27.58,26.915,26.925,9280748,0.0
2020-05-27,27.09,27.82,26.865,27.78,12404844,0.0
2020-05-28,28,28.45,27.78,27.78,10237014,0.0
2020-05-29,27.81,28.115,27.475,27.995,17052292,0.0
2020-06-01,28.18,28.49,28.07,28.37,8520026,0.0
2020-06-02,28.44,28.56,27.93,28.06,5268894,0.0
2020-06-03,28.23,28.92,28.18,28.48,10889978,0.0
2020-06-04,28.33,28.67,28.23,28.415,18281476,0.0
2020-06-05,28.61,29.22,28.5,28.71,22333358,0.0
2020-06-08,28.71,28.71,28.255,28.38,6281908,0.0
2020-06-09,28.22,28.565,27.955,28.355,4710838,0.0
2020-06-10,28.42,28.745,28.23,28.51,4158108,0.0
2020-06-11,28.89,29.24,28.22,28.36,6129382,0.0
2020-06-12,28.7,28.85,27.92,27.94,1512334,0.0
2020-06-15,27.81,28.6,27.65,28.58,5159220,0.0
2020-06-16,29.19,29.3,28.33,28.64,4596030,0.0
2020-06-17,28.63,29.095,28.57,28.73,3638362,0.0
2020-06-18,28.65,29.09,28.65,29.06,2743136,0.0
2020-06-19,29.32,29.46,28.72,28.73,4479580,0.0
2020-06-22,28.7,29.21,28.59,29.19,2129758,0.0
2020-06-23,29.29,29.58,29.02,29.03,2695844,0.0
2020-06-24,28.91,28.97,28.25,28.4,1500013,0.0
2020-06-25,28.37,28.6,28.175,28.44,2637203,0.0
2020-06-26,28.36,28.59,28.06,28.22,3186474,0.0
2020-06-29,28.34,28.48,27.92,28.29,2059661,0.0
2020-06-30,28.28,28.45,28.14,28.39,2237275,0.0
2020-07-01,28.36,28.77,28.32,28.66,1641096,0.0
2020-07-02,28.86,28.8625,28.445,28.53,2065805,0.0
2020-07-06,28.65,28.73,28.34,28.56,1593425,0.0
2020-07-07,28.63,29.5,28.57,29.12,2831614,0.0
2020-07-08,29,29.07,28.45,28.61,2272495,0.0
2020-07-09,29.26,29.9,29,29.01,3260911,0.0
2020-07-10,29.03,29.21,28.755,29.2,1689821,0.0
2020-07-13,29.32,29.42,28.88,28.91,1634073,0.0
2020-07-14,28.81,29.375,28.75,29.34,1087821,0.0
2020-07-15,29.54,29.6,29.2745,29.42,1277047,0.0
2020-07-16,29.45,29.655,29.32,29.535,1122686,0.0
2020-07-17,29.57,29.8,29.42,29.78,1782128,0.0
2020-07-20,29.78,29.95,29.685,29.75,1582788,0.0
2020-07-21,30,30,29.68,29.87,2095550,0.0
2020-07-22,30.03,30.37,29.835,30.3,1439214,0.0
2020-07-23,30.3,30.42,30.22,30.26,664528,0.0
2020-07-24,30.16,30.37,30.045,30.33,927354,0.0
2020-07-27,30.54,30.97,30.49,30.96,1377442,0.0
2020-07-28,31,31.1,30.715,30.89,3559091,0.0
2020-07-29,31.18,31.47,30.955,31.25,5059404,0.0
2020-07-30,30.92,31,29.99,30.77,6447044,0.0
2020-07-31,31.19,31.25,30.415,30.59,6932418,0.0
2020-08-03,30.01,30.22,29.67,29.91,8549744,0.0
2020-08-04,29.81,30.13,29.78,29.95,5100300,0.0
2020-08-05,29.97,30.005,29.85,29.93,5104361,0.0
2020-08-06,29.98,29.98,29.7421,29.83,3260604,0.0
2020-08-07,29.92,29.99,29.55,29.63,3656282,0.0
2020-08-10,29.57,29.83,29.33,29.75,5041994,0.0
2020-08-11,29.77,29.94,29.48,29.575,4403082,0.0
2020-08-12,29.73,30.28,29.63,30.12,3853084,0.0
2020-08-13,30.16,30.54,30.09,30.17,2479457,0.0
2020-08-14,30.17,30.17,29.76,29.9,2165763,0.0
2020-08-17,29.9,30.15,29.73,29.75,3362312,0.0
2020-08-18,28.74,29.26,28.35,29.09,41878390,0.0
2020-08-19,29.16,29.64,29.145,29.35,16840363,0.0
2020-08-20,29.15,29.43,29.01,29.2,7948466,0.0
2020-08-21,29.2,29.2,28.85,28.94,6117846,0.0
2020-08-24,28.99,29.185,28.82,29.16,4464103,0.0
2020-08-25,29.17,29.315,29.08,29.29,3165993,0.0
2020-08-26,29.91,30.06,29.585,29.81,10241198,0.0
2020-08-27,29.92,30.23,29.81,29.94,6463427,0.0
2020-08-28,30,30.09,29.68,30.06,4822300,0.0
2020-08-31,30.1,30.18,29.83,29.83,3792358,0.0
2020-09-01,29.92,30.03,29.79,29.97,6979122,0.0
2020-09-02,30,30.475,29.97,30.39,7619900,0.0
2020-09-03,30.46,30.555,29.59,29.81,6245026,0.0
2020-09-04,29.84,29.99,29.05,29.53,5612794,0.0
2020-09-08,29.36,29.45,28.625,28.86,6317977,0.0
2020-09-09,29.03,29.69,28.93,29.52,6211339,0.0
2020-09-10,28.76,29.075,28.51,28.53,8812459,0.0
2020-09-11,28.6,28.99,28.47,28.84,11151231,0.0
2020-09-14,28.99,29.075,28.74,28.8,4545096,0.0
2020-09-15,28.93,29.12,28.75,28.79,3047904,0.0
2020-09-16,28.9,28.99,28.4,28.43,2403458,0.0
2020-09-17,28.15,28.545,28.12,28.33,2809029,0.0
2020-09-18,28.43,28.43,27.865,28.05,3251838,0.0
2020-09-21,27.76,27.94,27.43,27.86,4946289,0.0
2020-09-22,27.98,28.215,27.765,27.86,3151533,0.0
2020-09-23,27.93,28.06,27.16,27.19,2067305,0.0
2020-09-24,27.37,27.52,27,27.26,2561499,0.0
2020-09-25,27.14,27.95,27.1,27.88,3862166,0.0
2020-09-28,28.11,28.26,27.82,27.83,1557116,0.0
2020-09-29,27.98,27.98,27.09,27.11,3825030,0.0
2020-09-30,27.14,27.62,27.14,27.59,5366205,0.0
2020-10-01,27.59,28.195,27.38,28.01,4279289,0.0
2020-10-02,27.62,28.19,27.62,28.1,3450640,0.0
2020-10-05,28.3,28.39,27.61,27.65,5659182,0.0
2020-10-06,27.66,28.22,27.61,28.04,4223138,0.0
2020-10-07,28.22,28.68,28.17,28.59,3037118,0.0
2020-10-08,28.68,28.895,28.56,28.705,2650688,0.0
2020-10-09,28.82,29.3,28.65,29.26,4107191,0.0
2020-10-12,30.1,30.32,29.75,29.8,6192565,0.0
2020-10-13,29.61,30.015,29.54,29.84,3709003,0.0
2020-10-14,29.94,30.11,29.54,29.67,4217025,0.0
2020-10-15,29.41,29.7,29.31,29.44,3804292,0.0
2020-10-16,29.37,30,29.27,29.78,15739777,0.0
2020-10-19,29.7,30.14,29.11,29.21,4786940,0.0
2020-10-20,29.47,29.67,29.23,29.23,2663381,0.0
2020-10-21,29,29.33,28.8,29.16,2673649,0.0
2020-10-22,29.18,29.695,29.09,29.54,2405286,0.0
2020-10-23,29.8,29.89,29.125,29.21,2766840,0.0
2020-10-26,29.15,29.21,28.12,28.45,5461163,0.0
2020-10-27,28.5,28.76,28.3,28.59,3953514,0.0
2020-10-28,28.13,28.39,27.52,27.73,4291041,0.0
2020-10-29,27.39,27.88,27.175,27.2,4422473,0.0
2020-10-30,27.01,27.17,26.665,26.94,4105214,0.0
