Date,Open,High,Low,Close,Volume,OpenInterest
2016-11-10,74.52,75.09,73.22,73.42,4415256,0.0
2016-11-11,73.15,73.865,72.75,73.39,2514508,0.0
2016-11-14,73.5,77.81,73.46,77.24,6488219,0.0
2016-11-15,77,77.85,76.74,77.72,3104855,0.0
2016-11-16,77.39,78.18,77.28,77.57,2118119,0.0
2016-11-17,77.51,78.03,77.23,77.47,1898606,0.0
2016-11-18,77.42,77.64,77.04,77.14,1294491,0.0
2016-11-21,77.04,77.82,76.88,77.31,1854690,0.0
2016-11-22,77.38,77.98,77.16,77.85,1483764,0.0
2016-11-23,77.6,78.12,77.33,78.08,1340593,0.0
2016-11-25,78.1,78.9,77.26,78.52,868951,0.0
2016-11-28,77.55,78.52,77.03,78.07,2317571,0.0
2016-11-29,78.09,79.58,78.09,79.11,2695521,0.0
2016-11-30,79.08,79.385,78.03,78.78,2645985,0.0
2016-12-01,78.47,80.29,78.47,79.82,2987135,0.0
2016-12-02,79.18,80.27,78.79,79.2,2274729,0.0
2016-12-05,80.51,81.25,80.04,81.005,2922918,0.0
2016-12-06,81,82.1,80.67,82.08,2414698,0.0
2016-12-07,82.12,84.27,81.86,83.92,3358472,0.0
2016-12-08,84.08,84.59,83.145,83.49,2236989,0.0
2016-12-09,83.98,83.98,83.07,83.55,1992190,0.0
2016-12-12,83.43,83.98,82.76,83.91,1500555,0.0
2016-12-13,84,84.96,83.865,84.4,2011018,0.0
2016-12-14,84.55,85.05,83.76,83.94,1581110,0.0
2016-12-15,84.46,85.347,83.92,84.33,2617046,0.0
2016-12-16,84.89,86.15,84.3,86.02,5683402,0.0
2016-12-19,85.79,86,84.71,84.87,2624176,0.0
2016-12-20,85.27,85.77,84.8075,85.11,2048903,0.0
2016-12-21,85.07,85.45,84.75,84.85,1495609,0.0
2016-12-22,84.97,85,83.33,83.73,1949566,0.0
2016-12-23,83.73,84.17,83.6,84.1,1893533,0.0
2016-12-27,84.5,84.69,83.95,84.14,1113456,0.0
2016-12-28,84.41,84.495,83.305,83.36,1147026,0.0
2016-12-29,83.57,83.74,83.11,83.32,1102679,0.0
2016-12-30,83.48,83.61,82.5382,82.67,1698534,0.0
2017-01-03,83.35,83.85,81.71,82.51,2448787,0.0
2017-01-04,82.74,83.395,82.25,82.35,2875053,0.0
2017-01-05,82.07,83.07,81.66,81.775,2154047,0.0
2017-01-06,81.79,83.02,81.325,82.3,1954284,0.0
2017-01-09,82.05,82.7,81.6,82.25,1578483,0.0
2017-01-10,82.09,82.42,81.66,81.93,1747775,0.0
2017-01-11,82.28,83.42,81.8,82.83,2362492,0.0
2017-01-12,82.69,82.76,81.04,81.89,1861454,0.0
2017-01-13,81.93,82.65,81.93,82.64,1381311,0.0
2017-01-17,82.57,82.9,82.21,82.38,1700840,0.0
2017-01-18,82.41,83.095,82.07,83,1152781,0.0
2017-01-19,83.72,85.29,83.72,84.53,2964751,0.0
2017-01-20,84.87,85.76,84.16,84.37,1869725,0.0
2017-01-23,84.15,84.53,83.82,84.38,957148,0.0
2017-01-24,84.35,84.97,84.02,84.51,1101111,0.0
2017-01-25,84.79,85.7,84.535,85.6,1445258,0.0
2017-01-26,85.79,86.24,85.54,85.83,1823391,0.0
2017-01-27,85.97,86.32,85.53,86.08,1402655,0.0
2017-01-30,85.83,85.83,84.585,85.24,1907717,0.0
2017-01-31,85.24,85.24,84.36,84.59,1714593,0.0
2017-02-01,84.49,85.21,84.27,84.64,1771535,0.0
2017-02-02,84.4,84.81,83.81,84.5,1475296,0.0
2017-02-03,84.77,85.52,84.77,85.44,1043990,0.0
2017-02-06,85.46,85.73,85.2029,85.63,970167,0.0
2017-02-07,85.64,86.335,85.55,85.81,1246762,0.0
2017-02-08,85.72,86.48,85.3725,86.36,1579620,0.0
2017-02-09,86.56,86.97,86.26,86.79,1974949,0.0
2017-02-10,86.99,86.99,86.44,86.45,1578016,0.0
2017-02-13,86.93,87.42,86.585,87.37,1243237,0.0
2017-02-14,87.31,87.91,87.06,87.89,1795911,0.0
2017-02-15,87.57,89.45,87.27,89.42,2930798,0.0
2017-02-16,89.1,91.07,88.5,89.44,2886530,0.0
2017-02-17,89.28,89.66,87.24,89.36,3503778,0.0
2017-02-21,88.54,88.87,87.74,87.99,3008790,0.0
2017-02-22,87.7,88.03,87.61,87.67,1479166,0.0
2017-02-23,87.82,87.99,86.96,87,1621996,0.0
2017-02-24,87.03,87.59,86.8,87.08,2047469,0.0
2017-02-27,86.97,87.65,86.75,87.45,1190304,0.0
2017-02-28,87.31,87.749,86.89,86.97,1954609,0.0
2017-03-01,87.5,88.93,87.38,88.49,2068229,0.0
2017-03-02,88.2,88.2,87.22,87.51,2498817,0.0
2017-03-03,87.34,87.6936,86.42,86.79,1623162,0.0
2017-03-06,86.58,87.0313,86.06,86.72,1710271,0.0
2017-03-07,86.66,86.84,85.93,86.15,1539578,0.0
2017-03-08,85.95,86.71,85.63,86.39,2252184,0.0
2017-03-09,86.44,87.11,86.05,86.31,1471776,0.0
2017-03-10,86.98,87.02,86.03,86.62,1682077,0.0
2017-03-13,86.59,87.08,86.42,87.04,1006956,0.0
2017-03-14,86.86,86.86,86.25,86.27,1012671,0.0
2017-03-15,86.71,88.09,86.67,87.81,1563289,0.0
2017-03-16,87.82,88.5,87.35,88.06,1404271,0.0
2017-03-17,88.39,88.49,87.89,88.33,1573495,0.0
2017-03-20,88.34,89.23,88.31,88.67,1650083,0.0
2017-03-21,90.02,91.57,88.67,89.1,4318645,0.0
2017-03-22,89.27,92.26,89.05,92.14,3917622,0.0
2017-03-23,92.14,93.69,92.08,93.15,2920904,0.0
2017-03-24,93.5,93.86,93.25,93.5,1810388,0.0
2017-03-27,92.99,93.53,92.4525,93.18,1674530,0.0
2017-03-28,93.17,94.99,93.06,94.49,1809993,0.0
2017-03-29,94.01,94.7,93.86,94.59,1093871,0.0
2017-03-30,94.49,95.42,94.4,94.63,1718253,0.0
2017-03-31,94.6,94.975,93.99,94.19,1683228,0.0
2017-04-03,94.28,94.53,92.08,92.74,2949958,0.0
2017-04-04,92.67,92.99,91.925,92.48,2654391,0.0
2017-04-05,92.8,93.2245,91.55,91.96,2199160,0.0
2017-04-06,91.9,92.15,91.07,91.77,1984089,0.0
2017-04-07,91.73,91.73,90.25,91.2,2381626,0.0
2017-04-10,91.04,91.72,90.66,91.06,1665198,0.0
2017-04-11,91.16,91.59,90.79,91.4,2167836,0.0
2017-04-12,91.98,92,90.88,91.75,2398733,0.0
2017-04-13,91.7,92.12,91.32,91.55,1848207,0.0
2017-04-17,91.91,91.975,91.6,91.95,1039584,0.0
2017-04-18,91.59,92.25,90,92.02,2666378,0.0
2017-04-19,92.09,92.42,91.18,91.47,1518067,0.0
2017-04-20,91.96,92.98,90.67,92.79,2340984,0.0
2017-04-21,92.77,92.95,92.24,92.47,2038490,0.0
2017-04-24,93.65,93.9,93.15,93.52,1393551,0.0
2017-04-25,93.96,94.77,93.75,94.59,1252917,0.0
2017-04-26,94.56,96.82,94.36,96.31,2294418,0.0
2017-04-27,96.46,96.46,95.42,95.75,1920961,0.0
2017-04-28,95.76,96.02,93.7,94.42,2289753,0.0
2017-05-01,94.72,96.06,94.46,95.58,1307108,0.0
2017-05-02,95.92,97.17,95.74,97.1,1953962,0.0
2017-05-03,97.2,97.31,96.56,96.99,1528911,0.0
2017-05-04,97.19,97.38,96.67,96.87,2272912,0.0
2017-05-05,97.22,97.22,96.74,97.05,2690292,0.0
2017-05-08,97.09,97.55,95.89,96.37,2810420,0.0
2017-05-09,101.2,103.22,99.35,102.5,5148151,0.0
2017-05-10,102.34,103.43,101.71,103.24,2062042,0.0
2017-05-11,103.08,103.62,102.57,102.82,1288348,0.0
2017-05-12,102.77,103.1,102.05,102.45,1259235,0.0
2017-05-15,102.45,104.34,102.25,104.06,1253491,0.0
2017-05-16,104.51,104.52,103.43,103.99,1255965,0.0
2017-05-17,103.07,103.1,102.06,102.1,1450493,0.0
2017-05-18,102.13,103.71,101.74,102.53,2927396,0.0
2017-05-19,102.57,103.25,102.37,102.82,1612548,0.0
2017-05-22,102.93,104.33,102.69,104.22,1651706,0.0
2017-05-23,104.12,105.53,103.875,105.49,1924157,0.0
2017-05-24,105.95,106.1,105.51,105.89,1352305,0.0
2017-05-25,106,107.45,106,106.54,2800380,0.0
2017-05-26,106.69,107.5,106.55,106.9,1497949,0.0
2017-05-30,106.65,107.24,106.41,106.74,1596197,0.0
2017-05-31,107.01,107.68,106.39,107.65,2052953,0.0
2017-06-01,108,108.99,107.65,108.68,1301324,0.0
2017-06-02,108.89,110.51,108.76,110.06,2162212,0.0
2017-06-05,110.1,110.35,107.8,108.19,1625361,0.0
2017-06-06,107.32,107.51,104.92,104.98,3605442,0.0
2017-06-07,105.56,105.605,103.12,105.12,3188774,0.0
2017-06-08,104.56,105.17,102.4,105.07,2698990,0.0
2017-06-09,104.98,105.46,101.86,102.41,3028995,0.0
2017-06-12,101.79,102.49,100.77,102.07,4157898,0.0
2017-06-13,102.55,103.89,102.25,103.89,2093081,0.0
2017-06-14,104.38,104.91,102.8568,103.92,1843380,0.0
2017-06-15,103.35,104.82,102.54,104.76,1185232,0.0
2017-06-16,104.2,105.31,103.97,104.5,2495068,0.0
2017-06-19,105.01,106.31,104.64,105.94,1251859,0.0
2017-06-20,105.43,105.883,104.16,104.18,1237781,0.0
2017-06-21,104.32,104.819,103.67,104.13,1065211,0.0
2017-06-22,104.09,104.4,103.39,103.89,920713,0.0
2017-06-23,103.81,104.45,103.32,104.03,1382431,0.0
2017-06-26,104.07,105.15,103.51,103.93,1081449,0.0
2017-06-27,103.53,103.558,100.89,101.03,2043151,0.0
2017-06-28,101,102.51,100.47,101.97,1669330,0.0
2017-06-29,102.16,102.34,99.08,100.23,1876716,0.0
2017-06-30,101.16,101.22,100.28,100.31,1301581,0.0
2017-07-03,100.61,101,99.92,100.1,929607,0.0
2017-07-05,100.3,101.56,100.05,101.17,1773648,0.0
2017-07-06,100.45,100.75,99.38,99.63,1501942,0.0
2017-07-07,99.7,100.74,99.43,100.36,1378954,0.0
2017-07-10,100.23,100.89,99.56,100.71,1136473,0.0
2017-07-11,100.33,100.95,99.83,100.74,1460689,0.0
2017-07-12,101.63,102.05,100.68,100.81,1127822,0.0
2017-07-13,100.85,101.24,100.46,100.69,688455,0.0
2017-07-14,100.59,101.37,100.17,100.98,943597,0.0
2017-07-17,100.89,101.95,100.61,101.359,930617,0.0
2017-07-18,100.98,102.31,100.64,101.99,1007422,0.0
2017-07-19,101.88,102.61,101.451,102.24,784380,0.0
2017-07-20,102.14,102.93,101.91,102.39,965183,0.0
2017-07-21,102.05,103.06,102.02,102.83,951842,0.0
2017-07-24,103.03,103.12,102.61,102.7,1059029,0.0
2017-07-25,103.15,103.32,102.64,103.04,1218323,0.0
2017-07-26,103.39,104.84,102.47,103.05,2161841,0.0
2017-07-27,103.48,104.41,102.98,104.04,1387587,0.0
2017-07-28,103.64,104.6124,103.27,103.33,1408478,0.0
2017-07-31,103.75,104.97,103.57,104.2,833549,0.0
2017-08-01,104.8,105.55,104.61,105.14,954223,0.0
2017-08-02,104.38,104.74,102.05,103.48,1737804,0.0
2017-08-03,103.62,105.19,103.45,103.66,1490097,0.0
2017-08-04,104.07,105.05,103.65,105.01,1502337,0.0
2017-08-07,107.01,107.6299,105.7,106.16,3909555,0.0
2017-08-08,100.95,104.76,100.53,103.95,3860732,0.0
2017-08-09,103.1,103.2,101.21,101.35,2182929,0.0
2017-08-10,101.01,101.01,99.2,99.539,2848182,0.0
2017-08-11,99.5,100.16,98.86,99.4,1754338,0.0
2017-08-14,100.19,100.45,99.67,100.06,1355587,0.0
2017-08-15,100.32,101.04,99.93,100.41,1282650,0.0
2017-08-16,100.6,100.85,99.69,100.29,1570924,0.0
2017-08-17,100.18,100.18,97.8,97.84,2125678,0.0
2017-08-18,97.8,98.74,96.9,98.03,1281686,0.0
2017-08-21,98.16,99.205,97.99,99.08,992708,0.0
2017-08-22,99.21,102.4099,98.86,102.035,2078532,0.0
2017-08-23,101.15,101.6999,100.27,100.44,1630098,0.0
2017-08-24,100.56,101.03,99.58,99.95,911776,0.0
2017-08-25,100.82,100.97,100.15,100.67,852497,0.0
2017-08-28,100.99,100.99,100.24,100.72,919049,0.0
2017-08-29,99.77,100.54,99.581,100.24,910224,0.0
2017-08-30,100.76,103.75,100.56,103.64,1533391,0.0
2017-08-31,103.71,104.3497,102.81,103.58,1210291,0.0
2017-09-01,104.02,104.25,103.42,103.79,994455,0.0
2017-09-05,103.67,103.82,101.11,102.28,1396436,0.0
2017-09-06,102.68,102.86,101.22,101.8,932880,0.0
2017-09-07,102.13,102.24,101.21,101.76,1048235,0.0
2017-09-08,101.73,104.44,101.61,103.45,1459689,0.0
2017-09-11,104.06,106.2,103.82,104.63,2152730,0.0
2017-09-12,104.55,105.4799,104.29,105.069,988728,0.0
2017-09-13,105,106.92,104.71,106.77,1433991,0.0
2017-09-14,106.34,106.96,105.65,106.39,1267712,0.0
2017-09-15,105.97,105.97,104.39,105.41,1771788,0.0
2017-09-18,105.77,106.48,105.45,105.53,1331343,0.0
2017-09-19,105.58,107.43,105.072,107.36,1643394,0.0
2017-09-20,107.3,108.24,106.84,107.7,2722862,0.0
2017-09-21,107.84,108.5,107.33,107.57,1551283,0.0
2017-09-22,107.18,108.07,107.06,107.88,916436,0.0
2017-09-25,107.85,109.97,107.43,108.89,1589482,0.0
2017-09-26,109.07,109.65,107.96,108.07,2072422,0.0
2017-09-27,108.36,108.96,107.43,108.36,3095371,0.0
2017-09-28,108.15,110.06,107.96,110.01,1240783,0.0
2017-09-29,109.67,111.32,109.2,110.26,1868027,0.0
2017-10-02,110.35,111.46,109.7,110.52,1174936,0.0
2017-10-03,110.39,110.84,108.99,109.4,1208371,0.0
2017-10-04,109.25,109.54,108.31,108.81,1493619,0.0
2017-10-05,109.22,111.5,108.87,111.27,1921206,0.0
2017-10-06,111.24,111.77,110.74,111.74,1019540,0.0
2017-10-09,111.88,112.79,111.51,112.77,834643,0.0
2017-10-10,112.88,114.11,112.46,114.08,1230531,0.0
2017-10-11,113.89,114.41,113.69,114.1,1012604,0.0
2017-10-12,114.07,114.87,113.65,114.44,852140,0.0
2017-10-13,115,115.305,114.4,115.1,1283782,0.0
2017-10-16,115,115.4,113.815,114.74,1326113,0.0
2017-10-17,114.55,115.08,114.17,115.035,469467,0.0
2017-10-18,115.32,116.67,115.23,115.77,1374573,0.0
2017-10-19,115.35,115.41,114.54,115.21,1307390,0.0
2017-10-20,115.49,115.61,114.4,115.02,1421092,0.0
2017-10-23,115.06,115.52,114.71,115.31,1026429,0.0
2017-10-24,115.77,117.09,115.44,116.79,1307295,0.0
2017-10-25,116.11,117.04,115.57,116.34,1698722,0.0
2017-10-26,117.53,119.36,116.4,118.8,2242757,0.0
2017-10-27,117.41,119.425,117.27,118.85,1414550,0.0
2017-10-30,118.66,118.97,117.52,118.53,872259,0.0
2017-10-31,118.62,119.91,118.32,119.49,1090666,0.0
2017-11-01,120.51,120.92,119.6,120.17,1026669,0.0
2017-11-02,120.44,121.253,119.02,119.61,2273229,0.0
2017-11-03,119.69,121.58,119.61,121.55,1460148,0.0
2017-11-06,121.34,123.03,120.85,121.98,1326987,0.0
2017-11-07,122.21,123.31,120.66,120.92,2612749,0.0
2017-11-08,121,124.34,119.19,119.98,3556262,0.0
2017-11-09,119.26,120.12,118.13,118.83,2663571,0.0
2017-11-10,119.04,120.87,118.01,120.12,2409378,0.0
2017-11-13,119.67,120.88,119.599,120.39,1610788,0.0
2017-11-14,120.08,123.1,119.95,123.05,1693743,0.0
2017-11-15,122.91,122.96,121.38,122.29,1345269,0.0
2017-11-16,121.95,124.42,121.5001,124.38,1811657,0.0
2017-11-17,123.98,125.64,123.77,125.48,2051476,0.0
2017-11-20,125.33,126.24,125.06,125.92,1472349,0.0
2017-11-21,126.33,128.37,126.33,127.62,2071207,0.0
2017-11-22,127.96,128,126.07,126.39,1534296,0.0
2017-11-24,126.51,127.1,126.38,126.5,574287,0.0
2017-11-27,126.33,127.37,126.33,126.93,1331534,0.0
2017-11-28,127.25,127.55,126.56,126.9,2209757,0.0
2017-11-29,127.25,127.43,125.61,126.49,2142305,0.0
2017-11-30,126.14,127.97,125.65,127,1952153,0.0
2017-12-01,126.03,127.34,124.45,126.86,1699049,0.0
2017-12-04,127.71,129.56,127.67,127.74,1450783,0.0
2017-12-05,127.92,129.47,127.38,127.541,1581049,0.0
2017-12-06,127.74,128.05,127.15,127.3,1177283,0.0
2017-12-07,127.08,127.98,126.9042,127.85,962416,0.0
2017-12-08,128.41,129.99,128.39,129.33,2628863,0.0
2017-12-11,128.84,129.25,128,128.55,966594,0.0
2017-12-12,128.6,129.02,127.93,128.77,1004292,0.0
2017-12-13,128.88,129.64,128.35,128.5,1315040,0.0
2017-12-14,128.58,128.785,127.69,127.75,1132935,0.0
2017-12-15,128.7,129.9,128.08,129.81,2049535,0.0
2017-12-18,130.45,134.31,130.33,133.34,2801825,0.0
2017-12-19,133.88,134.04,132.645,133.13,1227557,0.0
2017-12-20,133.68,134.26,133.265,133.84,1083266,0.0
2017-12-21,134.45,135.18,133.47,133.97,1431630,0.0
2017-12-22,133.7,134.74,133.5,133.98,1652233,0.0
2017-12-26,133.96,134.225,133.15,133.3,913865,0.0
2017-12-27,133.78,136.33,133.6,136.25,1327289,0.0
2017-12-28,136.46,136.64,135.5,136.58,1106426,0.0
2017-12-29,136.51,137.6,135.35,135.73,1096936,0.0
2018-01-02,135.89,135.98,132.2,133.72,2124882,0.0
2018-01-03,134.01,136.8,133.7,136.45,1094208,0.0
2018-01-04,136.85,137.15,134.95,135.71,1391925,0.0
2018-01-05,136.45,136.45,134.2,134.33,2212532,0.0
2018-01-08,134.11,136.58,134.11,136.32,1406607,0.0
2018-01-09,136.53,138.3,136,137.72,2185900,0.0
2018-01-10,136.91,137.79,136.51,137.68,809292,0.0
2018-01-11,136.85,139.54,136.645,139.42,944859,0.0
2018-01-12,140.11,140.255,138.53,139.76,1119349,0.0
2018-01-16,141.36,141.39,138.35,139.119,1590999,0.0
2018-01-17,140.21,142.64,139.84,142,1411201,0.0
2018-01-18,141.65,142.69,140.87,141.14,1036010,0.0
2018-01-19,141.35,144.0624,141.35,144.05,1547600,0.0
2018-01-22,144.25,144.29,142.065,143.81,741336,0.0
2018-01-23,143.54,146.43,143.04,145.8,1000904,0.0
2018-01-24,146.12,146.69,143.83,144.4,1188965,0.0
2018-01-25,144.52,146.055,143.985,145.5,811529,0.0
2018-01-26,145.71,147.15,144.92,147.11,686815,0.0
2018-01-29,146.66,148.91,145.772,147.99,1215692,0.0
2018-01-30,148.22,149.21,147.06,147.27,1175516,0.0
2018-01-31,147.42,148.66,146.929,147.34,1200314,0.0
2018-02-01,146.6,148.265,145.82,147.52,976274,0.0
2018-02-02,146.69,147.01,140.97,141.18,1874549,0.0
2018-02-05,140.82,142.6,136.28,136.34,1708296,0.0
2018-02-06,134.07,140.23,131,140.03,2031842,0.0
2018-02-07,139.31,142.77,138.6601,139.69,1245114,0.0
2018-02-08,139.61,139.94,133.81,133.87,1644359,0.0
2018-02-09,134.5,137.47,131.1,136.29,2072613,0.0
2018-02-12,137.42,139.93,137.27,139.11,1845541,0.0
2018-02-13,138.45,141.02,137.711,140.66,1282743,0.0
2018-02-14,141,145.4,140.32,145.25,2642939,0.0
2018-02-15,142.12,144.95,140.85,141.29,3383072,0.0
2018-02-16,140.76,141.44,138.48,138.51,2141479,0.0
2018-02-20,138.14,140.95,138.1313,140.45,1560850,0.0
2018-02-21,140.81,144.86,140.62,141.96,1963868,0.0
2018-02-22,142.19,142.71,139.82,140.6,1549626,0.0
2018-02-23,141.82,142.24,140.65,142.17,923144,0.0
2018-02-26,142.58,143.17,141.23,141.35,1278508,0.0
2018-02-27,141.79,142.35,138.08,138.13,1475912,0.0
2018-02-28,138.5,143.34,138.5,141.22,1491776,0.0
2018-03-01,141.21,142.07,137.17,137.54,1751215,0.0
2018-03-02,136.52,139.95,135.13,139.57,1671698,0.0
2018-03-05,138.45,138.96,134.29,135.72,2586947,0.0
2018-03-06,136.58,138.4721,136,137.6,1851157,0.0
2018-03-07,137,139.44,136.52,138.98,1128581,0.0
2018-03-08,139.19,140.21,138.85,139.36,1186030,0.0
2018-03-09,141.86,144.61,140.19,143.28,1811848,0.0
2018-03-12,143.22,143.67,141.31,141.81,1638924,0.0
2018-03-13,142.48,143.36,141.57,141.76,1433169,0.0
2018-03-14,142.42,142.99,140.67,141.43,883821,0.0
2018-03-15,141.58,143.04,140.94,141.73,916632,0.0
2018-03-16,142.01,142.45,141.05,141.05,1127881,0.0
2018-03-19,139.93,140.55,138.5,139.82,1011210,0.0
2018-03-20,140.52,141.3,140.15,140.539,702629,0.0
2018-03-21,140.27,141.32,139.54,140.41,745747,0.0
2018-03-22,139.09,140.96,137.15,137.25,1024051,0.0
2018-03-23,137.06,137.94,133.75,133.76,1340005,0.0
2018-03-26,135.49,139.12,134.99,138.92,1141315,0.0
2018-03-27,139.41,139.67,134.97,135.61,1232165,0.0
2018-03-28,135.6,136.5,132.56,133.88,1442501,0.0
2018-03-29,134.89,137.49,134.5104,135.98,1318049,0.0
2018-04-02,134.96,136.41,130.39,132.07,2047637,0.0
2018-04-03,133.19,134.17,131.37,132.49,2836762,0.0
2018-04-04,130.87,136.15,130.42,135.81,2292977,0.0
2018-04-05,136.91,138.41,133.23,134.44,2227684,0.0
2018-04-06,133.15,134.23,129.53,130.92,1277315,0.0
2018-04-09,131.9,133.27,130.57,130.71,1839153,0.0
2018-04-10,132.46,132.83,128.97,129.84,2590829,0.0
2018-04-11,130.75,133.64,130.75,132.04,3215911,0.0
2018-04-12,132.51,133.7,131.86,133,1600102,0.0
2018-04-13,133.54,133.93,130.51,131.06,923325,0.0
2018-04-16,132.05,134.28,131.92,133.45,979510,0.0
2018-04-17,134.67,137.55,134.46,136.78,1780656,0.0
2018-04-18,136.88,139.19,136.69,138.32,1104936,0.0
2018-04-19,137.93,138.65,136.99,137.63,820519,0.0
2018-04-20,137.15,138.25,136.73,137.51,909738,0.0
2018-04-23,137.9,138.81,136.82,137.63,538922,0.0
2018-04-24,138.84,139.5,135.36,136.9,1119889,0.0
2018-04-25,136.39,137.79,135.28,137.25,778074,0.0
2018-04-26,138.16,138.8,136.22,137.79,885703,0.0
2018-04-27,137.28,139,136.56,137.42,815946,0.0
2018-04-30,138.12,139.48,136.4701,136.69,657391,0.0
2018-05-01,136.19,137.76,135.49,137.6,720581,0.0
2018-05-02,137.12,137.72,134.01,134.18,1753223,0.0
2018-05-03,133.4,135.19,130.72,134.64,1735273,0.0
2018-05-04,133.92,137.06,133.18,135.85,2152643,0.0
2018-05-07,136.58,137.25,135.85,136.65,1493913,0.0
2018-05-08,136.53,139.45,136,139.33,1683108,0.0
2018-05-09,138.43,139.1655,134.245,137.885,3039097,0.0
2018-05-10,138.12,138.99,137.395,138.59,1304849,0.0
2018-05-11,138.88,140.11,138.18,139.82,946814,0.0
2018-05-14,139.91,140.2792,138.96,139.33,927675,0.0
2018-05-15,139.13,139.14,137.84,138.87,1072531,0.0
2018-05-16,139.21,141.61,138.61,140.45,1179554,0.0
2018-05-17,139.89,140.15,138.05,138.31,1232858,0.0
2018-05-18,139.47,139.47,137.72,138.52,1001875,0.0
2018-05-21,138.88,139.84,137.98,138.79,734457,0.0
2018-05-22,139.39,139.39,137.5,137.8,772013,0.0
2018-05-23,136.83,137.84,136.76,137.55,752840,0.0
2018-05-24,137.43,138.365,137.25,137.89,1113038,0.0
2018-05-25,137.86,139.18,137.27,137.98,948772,0.0
2018-05-29,136.32,136.86,134.07,134.5,1479976,0.0
2018-05-30,135.02,136.94,134.6,136.24,956720,0.0
2018-05-31,136.36,136.75,134.66,135.36,1314546,0.0
2018-06-01,136.58,138.99,135.71,138.34,1111168,0.0
2018-06-04,138.82,138.99,137.41,138.69,929264,0.0
2018-06-05,138.5,139.8399,137.84,138.22,952184,0.0
2018-06-06,137.97,141.72,137.7,141.57,1605649,0.0
2018-06-07,141.66,142.1896,139.01,139.44,1106919,0.0
2018-06-08,139.48,139.62,137.94,138.37,1087664,0.0
2018-06-11,138.04,139.84,137.745,139.12,751554,0.0
2018-06-12,139.56,140.42,139.24,139.86,899746,0.0
2018-06-13,140,140.48,137.76,138.31,1042432,0.0
2018-06-14,138.82,139.39,138.15,138.73,728176,0.0
2018-06-15,139,139.19,137.22,138.83,1227092,0.0
2018-06-18,137.94,138.86,137.501,138.66,499708,0.0
2018-06-19,137.14,137.52,135.5,136.59,806339,0.0
2018-06-20,136.88,138.22,135.83,136.05,1402387,0.0
2018-06-21,135.79,135.99,133.42,133.77,1246599,0.0
2018-06-22,133.86,134.31,132.48,132.6,996047,0.0
2018-06-25,131.4,131.99,128.66,129.1,1759699,0.0
2018-06-26,129.45,130.14,128.96,129.41,1228449,0.0
2018-06-27,129.56,130.77,126.7,126.93,1700965,0.0
2018-06-28,127.04,127.29,124.22,125.23,1425003,0.0
2018-06-29,125.38,127.55,125.25,126.61,1360501,0.0
2018-07-02,125.57,126.92,125,126.49,1168612,0.0
2018-07-03,127.06,127.54,124.34,124.52,998712,0.0
2018-07-05,125.06,126.71,125.06,126.5,1393542,0.0
2018-07-06,126.71,127.96,125.84,127.66,816266,0.0
2018-07-09,129.08,130.26,127.91,130.17,1528060,0.0
2018-07-10,130.05,131.43,130.02,130.73,1504583,0.0
2018-07-11,130.07,130.63,129.26,129.8,1090933,0.0
2018-07-12,130.68,131.09,129.37,130.78,983008,0.0
2018-07-13,130.69,131.16,130.41,131.01,456196,0.0
2018-07-16,131.24,131.44,130.26,130.79,744267,0.0
2018-07-17,130.13,130.94,129.9,130.45,859218,0.0
2018-07-18,130.36,133.68,130.16,133.14,1653523,0.0
2018-07-19,131.02,133.47,131.02,133.19,1360710,0.0
2018-07-20,132.91,134.12,132.07,133.05,1030551,0.0
2018-07-23,133.05,133.05,131.87,132.03,975122,0.0
2018-07-24,132.01,132.31,128.77,130.02,2482644,0.0
2018-07-25,129,131.73,127.21,131.49,2130089,0.0
2018-07-26,132.17,133.6608,130.7703,130.97,1428560,0.0
2018-07-27,131.13,131.87,128.34,128.57,1550020,0.0
2018-07-30,128.29,128.47,125.69,125.92,1563955,0.0
2018-07-31,126.21,128.06,125.7,127.84,1109107,0.0
2018-08-01,127.78,129.18,126.97,127.88,1710692,0.0
2018-08-02,126.83,129.32,125.92,129.13,1144785,0.0
2018-08-03,129.14,129.28,127.58,128.19,1030918,0.0
2018-08-06,128.5,129.51,127.4,129.3,1561360,0.0
2018-08-07,125.31,126.83,123.96,124.44,3181063,0.0
2018-08-08,124.61,125.67,121.5,121.62,2223497,0.0
2018-08-09,122.03,122.9,120.61,120.79,2626361,0.0
2018-08-10,120.57,121.64,119.77,120.16,1802703,0.0
2018-08-13,120.65,121.45,119.9,120.48,1258175,0.0
2018-08-14,121.47,122,120.84,121.61,1661587,0.0
2018-08-15,120.56,121.02,119.32,120.43,1659964,0.0
2018-08-16,121.11,122.83,121.11,122.14,1717263,0.0
2018-08-17,122.1,123.88,121.42,123.86,1916684,0.0
2018-08-20,123.84,124.52,123.63,124.41,1731848,0.0
2018-08-21,124.43,125.64,124.365,125.17,1911990,0.0
2018-08-22,124.34,124.71,123.55,123.71,1226201,0.0
2018-08-23,123.54,123.83,122.02,122.18,983556,0.0
2018-08-24,122.58,123.59,122.3,123.12,544350,0.0
2018-08-27,123.68,124.7,123.58,124.29,757794,0.0
2018-08-28,124.58,125.27,123.568,124.69,1214170,0.0
2018-08-29,124.31,127.76,124.16,126.96,2423589,0.0
2018-08-30,126.86,127.05,125.74,126.21,1392194,0.0
2018-08-31,126.34,127.27,126.21,126.47,1338806,0.0
2018-09-04,126.11,126.72,125.06,126.55,1373989,0.0
2018-09-05,125.7,126.19,124.86,125.01,2059459,0.0
2018-09-06,125.12,125.65,123.56,124.99,1909519,0.0
2018-09-07,125.01,126.7,124.3805,126.62,2389366,0.0
2018-09-10,127.08,128.04,126.7,127.69,3180259,0.0
2018-09-11,126.9,128.21,126.67,127.35,2146930,0.0
2018-09-12,127.19,127.71,126.5,127.58,1118374,0.0
2018-09-13,128.05,129.86,128.01,129.54,1322292,0.0
2018-09-14,129.82,130.86,129.42,130.43,1238439,0.0
2018-09-17,130.29,130.51,129.36,129.78,1290368,0.0
2018-09-18,129.93,130.27,129.25,129.8,1033177,0.0
2018-09-19,130.3,131.59,129.78,131.22,1072760,0.0
2018-09-20,131.99,132.25,130.24,132.18,1294724,0.0
2018-09-21,132.66,133.36,130.41,130.89,2906515,0.0
2018-09-24,130.38,130.76,128.39,130.24,861678,0.0
2018-09-25,130.71,130.74,129.15,129.26,924670,0.0
2018-09-26,129.52,132.04,129.3431,130.99,1688820,0.0
2018-09-27,130.48,133.5,130.34,133.43,1366976,0.0
2018-09-28,132.8,133.13,131.865,132.04,1555503,0.0
2018-10-01,132.67,132.86,128.3,128.35,1490306,0.0
2018-10-02,128.16,128.485,125.95,125.97,1590330,0.0
2018-10-03,126.35,126.89,124.34,124.63,1861717,0.0
2018-10-04,124.29,124.56,121.075,122.21,1912177,0.0
2018-10-05,122.92,123.515,120.29,121.47,1618489,0.0
2018-10-08,121.45,121.69,119.5,120.57,1139425,0.0
2018-10-09,120.48,121.26,119.68,119.78,1301205,0.0
2018-10-10,119.27,119.66,116.41,116.49,1482424,0.0
2018-10-11,116.34,117.42,114.05,114.63,1919707,0.0
2018-10-12,117.21,117.885,115.7395,117.48,1632102,0.0
2018-10-15,117.05,117.4,115.47,115.55,924796,0.0
2018-10-16,116.23,118.33,115.96,117.95,947325,0.0
2018-10-17,118.17,118.725,116.37,117.96,694012,0.0
2018-10-18,117.49,117.93,115.12,115.34,1688692,0.0
2018-10-19,114.71,115.29,112.01,112.04,1742874,0.0
2018-10-22,112.55,113.12,111.28,111.49,1166277,0.0
2018-10-23,111.08,112.4,107.9,112.35,3204113,0.0
2018-10-24,112.04,113.78,106.96,107.15,3378228,0.0
2018-10-25,108.16,112.38,108.16,111.57,2631370,0.0
2018-10-26,108.65,114.18,108.44,112.73,2200244,0.0
2018-10-29,113.92,114.53,111.2,112.82,2149964,0.0
2018-10-30,112.85,115.37,112.45,115.27,1694484,0.0
2018-10-31,116.33,118.72,116.21,116.89,1533313,0.0
2018-11-01,118.485,121.23,116.02,121.08,1723191,0.0
2018-11-02,122.16,122.97,119.94,120.9,1997184,0.0
2018-11-05,121.3,121.53,119.71,120.73,2169713,0.0
2018-11-06,115,117.395,112.11,114.55,6630545,0.0
2018-11-07,114.82,117.15,114.635,116.13,2266019,0.0
2018-11-08,115.61,117.21,115.26,116.92,1285455,0.0
2018-11-09,116.65,117.62,116.18,117.05,1108787,0.0
2018-11-12,116.56,117.31,114.73,115.09,1442894,0.0
2018-11-13,115.72,117.92,115.7,116.57,1853590,0.0
2018-11-14,117.35,118,115.6,116.31,1238814,0.0
2018-11-15,115.24,118.62,115.0308,118.36,1383340,0.0
2018-11-16,117.22,119.32,117.04,118.65,1255996,0.0
2018-11-19,118.45,118.86,115.39,116.51,1510154,0.0
2018-11-20,114.26,116.29,113.14,115.57,1903037,0.0
2018-11-21,116.1,118.74,116.09,117.17,1169877,0.0
2018-11-23,116.51,118,115.8,117.26,378075,0.0
2018-11-26,118.99,120.51,118.28,119.85,982306,0.0
2018-11-27,120,120.4,119.07,119.97,1240283,0.0
2018-11-28,119.99,122.27,118.52,122.2,1276070,0.0
2018-11-29,121.37,122.83,120.55,121.84,1097332,0.0
2018-11-30,113.6,116.72,113.38,115.01,7938414,0.0
2018-12-03,116,120.09,115.69,119.51,3217614,0.0
2018-12-04,119,119.23,112.92,113.51,2665795,0.0
2018-12-06,111.68,115.5,111.1,115.33,2652367,0.0
2018-12-07,114.85,116.25,110.69,111.26,2335518,0.0
2018-12-10,111.44,112.35,109.2,110.79,1623195,0.0
2018-12-11,112.33,112.94,109.79,110.03,2384138,0.0
2018-12-12,110.19,111.895,109.9701,110.08,2309211,0.0
2018-12-13,110.57,110.975,108.24,108.82,1927648,0.0
2018-12-14,108,109.98,107.37,107.66,2069716,0.0
2018-12-17,107.92,109.34,106.58,107.64,1896980,0.0
2018-12-18,108.71,109.39,107.52,108.15,1598423,0.0
2018-12-19,108.76,109.75,105.76,106.38,1762697,0.0
2018-12-20,106.24,106.24,102.96,104.19,3861990,0.0
2018-12-21,104.39,106.53,102.3,102.91,2980215,0.0
2018-12-24,102.52,102.99,100.62,101.03,1313469,0.0
2018-12-26,101.7,105.68,101.42,105.56,2225196,0.0
2018-12-27,104.27,106.66,102.8,106.61,1344665,0.0
2018-12-28,107.19,108.52,106.4,107.16,1081522,0.0
2018-12-31,107.61,108.54,107.43,107.97,1389231,0.0
2019-01-02,106.72,108.585,105.285,107.33,1517164,0.0
2019-01-03,106.35,107,101.75,101.8,2858740,0.0
2019-01-04,103.14,107.89,103.14,107.85,2653687,0.0
2019-01-07,107.41,108.88,105.95,108,1289044,0.0
2019-01-08,108.86,110.07,107.82,109.75,1223355,0.0
2019-01-09,109.93,110.53,108.61,109.235,2288268,0.0
2019-01-10,108.32,111.17,108.0001,109.99,1446883,0.0
2019-01-11,109.27,109.45,107.33,109.37,1618154,0.0
2019-01-14,108.63,109.1,107.83,108.22,1091226,0.0
2019-01-15,108.28,110.21,107.54,110.1,1526661,0.0
2019-01-16,109.87,111.37,109.09,109.26,2448434,0.0
2019-01-17,108.8,109.89,108.1811,108.46,1822132,0.0
2019-01-18,109.8,109.8,108.26,108.91,2169145,0.0
2019-01-22,108.71,108.85,106.02,106.97,2322896,0.0
2019-01-23,107.45,108.37,106.58,107.97,1092841,0.0
2019-01-24,108.06,108.95,107.4,108.27,657800,0.0
2019-01-25,109.18,109.93,107.81,109.83,1259673,0.0
2019-01-28,109.11,110.84,108.78,110.51,1135537,0.0
2019-01-29,110.47,111.34,109.98,111.07,1050940,0.0
2019-01-30,111.75,113.775,111.02,113.7299,2246489,0.0
2019-01-31,113.6,115.03,112.6794,114.57,1610104,0.0
2019-02-01,114.79,115.2,114.01,114.58,1179738,0.0
2019-02-04,114.68,115.65,114.43,115.62,743215,0.0
2019-02-05,115.97,117,115.7679,116.92,1190032,0.0
2019-02-06,116.77,117.75,116.665,117.22,1251160,0.0
2019-02-07,116.42,116.83,114.76,115.43,1152894,0.0
2019-02-08,114.58,115.5,114.58,115.32,1162079,0.0
2019-02-11,115.86,116.69,115.46,115.7,795670,0.0
2019-02-12,116.41,116.77,114.59,114.6,1971147,0.0
2019-02-13,116,119.61,115.93,118.9299,2055666,0.0
2019-02-14,118.14,118.81,116.64,118.725,1619821,0.0
2019-02-15,119.8,121.5999,118.81,121.08,1909871,0.0
2019-02-19,120.29,122.4,120.15,122.01,2075116,0.0
2019-02-20,122.54,127.27,121.95,126.98,2894539,0.0
2019-02-21,127.04,128.25,125.45,127.37,2662670,0.0
2019-02-22,127.93,129.72,127.57,128.84,1872048,0.0
2019-02-25,129.69,130.16,128.42,128.43,1725797,0.0
2019-02-26,128.19,129.9,128.17,128.54,1701629,0.0
2019-02-27,127.65,128.635,126.64,126.91,2020146,0.0
2019-02-28,126.76,127,125.01,125.33,2402566,0.0
2019-03-01,125.49,126.55,122.23,124.45,4029926,0.0
2019-03-04,126.49,126.49,122.34,123.955,1891834,0.0
2019-03-05,124,125.57,124,125.21,1614046,0.0
2019-03-06,125.18,125.84,124.82,125.13,1504923,0.0
2019-03-07,125.13,125.16,122.07,122.21,1799544,0.0
2019-03-08,121.19,121.54,119.99,120.69,2065781,0.0
2019-03-11,120.86,121.17,120.11,120.24,1951777,0.0
2019-03-12,120.5,121.59,119.1,120.67,2016577,0.0
2019-03-13,121.14,122.66,120.01,120.19,2440287,0.0
2019-03-14,120,120.53,118.99,119.63,1983962,0.0
2019-03-15,122.715,122.88,121.52,122.32,1696251,0.0
2019-03-18,124.99,125.97,123.83,124.97,2148917,0.0
2019-03-19,124.97,126.72,124.66,125.76,1988106,0.0
2019-03-20,125.39,125.73,123.54,123.67,1662736,0.0
2019-03-21,123.37,125.18,122.98,125.06,1463734,0.0
2019-03-22,124.37,124.91,123.42,124.5,1819185,0.0
2019-03-25,124.01,124.45,123.13,123.69,1343349,0.0
2019-03-26,122.89,124.6,122.725,123.58,1530445,0.0
2019-03-27,123.72,123.72,121.33,122.14,1770506,0.0
2019-03-28,122.28,124.36,122.28,124.09,1380407,0.0
2019-03-29,124.01,125.455,123.87,125.09,1853101,0.0
2019-04-01,126.24,127.59,125.85,127.46,444868,0.0
2019-04-02,127.23,128.6,126.51,128.53,1409759,0.0
2019-04-03,129.45,131.845,128.72,131.6,1980878,0.0
2019-04-04,131.95,132.5,131.13,132.2,1611857,0.0
2019-04-05,132.57,134.81,132.32,134.06,1813482,0.0
2019-04-08,133.88,134.96,133.47,134.92,1215643,0.0
2019-04-09,134.13,134.95,132.27,132.7,1529868,0.0
2019-04-10,132.99,133.175,132.3025,132.75,1319321,0.0
2019-04-11,132,133.82,132,133.21,1137621,0.0
2019-04-12,133.49,134.74,133.26,134.61,1022383,0.0
2019-04-15,134.5,134.97,133.1,134.38,529785,0.0
2019-04-16,134.4,135.91,134.37,135.81,723388,0.0
2019-04-17,136.27,136.94,135.65,135.95,1000214,0.0
2019-04-18,136.74,136.74,133.49,134.39,1260113,0.0
2019-04-22,133.65,136.16,133.33,135.85,1041911,0.0
2019-04-23,136.28,136.79,135.44,136.29,907197,0.0
2019-04-24,134.66,136.04,134.66,135.49,915142,0.0
2019-04-25,134.92,136.2,134.11,135.65,787973,0.0
2019-04-26,136.25,137.03,135.57,136.45,703744,0.0
2019-04-29,136.45,137.1,135.82,135.96,994119,0.0
2019-04-30,136.35,136.83,135.28,136.42,912285,0.0
2019-05-01,137.8,140.3715,137.56,138.87,1488898,0.0
2019-05-02,138.55,139.055,135.72,136.89,884359,0.0
2019-05-03,137.79,140.28,137.25,140.14,970468,0.0
2019-05-06,137.46,138.17,136.58,137.75,1199964,0.0
2019-05-07,136.16,137.1,134.0707,135.14,1160805,0.0
2019-05-08,134.42,135.38,133.6,134.77,1044988,0.0
2019-05-09,133.93,136.17,132.79,135.51,1605436,0.0
2019-05-10,130.88,132.11,127.7,131.71,4301609,0.0
2019-05-13,129.04,129.78,125.72,126.01,2159012,0.0
2019-05-14,126.68,130.97,126.31,129.86,2031500,0.0
2019-05-15,128.79,132.33,127.27,131.83,1544268,0.0
2019-05-16,132.07,133.29,130.96,132.49,1640338,0.0
2019-05-17,132.15,133.17,130.87,130.91,1563402,0.0
2019-05-20,128.75,129.585,127.49,127.86,1355678,0.0
2019-05-21,128.71,129.65,128.065,129.42,1562763,0.0
2019-05-22,128.83,129.1995,127.63,127.77,1403633,0.0
2019-05-23,125.98,126.1,123.53,123.92,1998404,0.0
2019-05-24,124.63,125.74,124.38,125,1203610,0.0
2019-05-28,125.15,125.5,123.63,123.75,1256068,0.0
2019-05-29,123.29,124.63,122.52,124.44,1147028,0.0
2019-05-30,124.71,125.6,123.82,124.62,1012971,0.0
2019-05-31,123.45,125.57,122.46,124.855,1752235,0.0
2019-06-03,124.76,125.27,123.46,124.37,1961741,0.0
2019-06-04,126.3,128.24,125.51,128.19,1518860,0.0
2019-06-05,128.55,128.6283,126.44,127.55,1122052,0.0
2019-06-06,127.62,129.01,126.96,128.62,1166866,0.0
2019-06-07,129.5,133.03,129,132.51,1225718,0.0
2019-06-10,133.13,134.76,132.49,132.74,1186916,0.0
2019-06-11,134.14,135.47,133.21,134.52,1217595,0.0
2019-06-12,134.87,135.42,132.68,132.7,1075382,0.0
2019-06-13,133.26,134.33,132.03,133.62,1761497,0.0
2019-06-14,133.63,134.03,132.17,133.69,1462546,0.0
2019-06-17,134.04,134.11,132.58,132.85,991644,0.0
2019-06-18,135,136.3,133.85,134.96,1240580,0.0
2019-06-19,135,135.84,134.09,135.69,886867,0.0
2019-06-20,136.9,138.42,136.46,137.17,1193524,0.0
2019-06-21,136.54,138.05,136.04,137.07,1616396,0.0
2019-06-24,137.4,137.98,136.39,136.75,790377,0.0
2019-06-25,136.71,136.73,132.74,133.3,1371048,0.0
2019-06-26,134.15,136.26,133.7,135.65,1104971,0.0
2019-06-27,135.92,138.83,135.91,138.28,1702390,0.0
2019-06-28,138.95,140.46,138.48,140.28,2122766,0.0
2019-07-01,142.41,142.9,140.78,141.23,1703554,0.0
2019-07-02,140.81,141.27,139.25,141.26,867845,0.0
2019-07-03,141.79,142.09,141.09,141.66,541316,0.0
2019-07-05,140.89,142.18,139.634,142.08,1143873,0.0
2019-07-08,141.74,141.74,140.02,141.3,876367,0.0
2019-07-09,138.63,139.6099,137.85,139.54,1548418,0.0
2019-07-10,139.43,141.62,139,141.59,1515336,0.0
2019-07-11,142.25,142.25,140.7,141.93,1021892,0.0
2019-07-12,142.23,142.75,141.64,142.54,786605,0.0
2019-07-15,142.08,142.88,140.88,142.75,905939,0.0
2019-07-16,142.99,144.24,142.6,143.96,774813,0.0
2019-07-17,143.94,143.94,141.15,141.24,1024235,0.0
2019-07-18,140.68,140.85,138.68,139.8,1295065,0.0
2019-07-19,140.23,140.23,137.63,137.7,1325636,0.0
2019-07-22,137.5,137.79,135.39,136.07,1631122,0.0
2019-07-23,137.32,140.88,136.11,140.69,1987975,0.0
2019-07-24,140.08,140.53,137.75,139.8,1391762,0.0
2019-07-25,139.66,141.74,139.31,140.76,1156375,0.0
2019-07-26,141.29,141.34,139.92,140.27,1003154,0.0
2019-07-29,139.94,141.5946,139.46,141.25,893268,0.0
2019-07-30,140.33,141.46,139.88,140.82,849757,0.0
2019-07-31,140.98,141.23,137.8,139.08,1325592,0.0
2019-08-01,138.99,140.485,136.5,136.9,1140806,0.0
2019-08-02,136.76,136.99,135.45,136,865351,0.0
2019-08-05,134.09,134.53,129.86,130.34,2591897,0.0
2019-08-06,126.58,132.445,126.3,128.5,3637437,0.0
2019-08-07,126.27,128.91,124.77,127.79,1948311,0.0
2019-08-08,129.11,131.06,128.2201,130.35,1361204,0.0
2019-08-09,131.34,132.98,129.73,132.46,1976147,0.0
2019-08-12,131.2,131.75,129.84,130.02,2002207,0.0
2019-08-13,130.19,133.23,130.01,132.41,1424463,0.0
2019-08-14,130.36,131.93,126.23,126.86,1652355,0.0
2019-08-15,128.89,129.28,126.02,126.74,1603195,0.0
2019-08-16,127.94,129.26,127.33,128.82,1001614,0.0
2019-08-19,130.91,131.24,129.96,130.55,641175,0.0
2019-08-20,130.03,131.6,129.73,130.66,833578,0.0
2019-08-21,131.58,131.65,128,128.35,1358387,0.0
2019-08-22,128.83,129.4251,126.97,128.19,805491,0.0
2019-08-23,127.26,127.922,124.67,125.13,1340391,0.0
2019-08-26,126.43,126.86,125.37,126.22,1066641,0.0
2019-08-27,127.02,127.2,125.26,125.26,815800,0.0
2019-08-28,125.17,125.935,124.66,125.295,1742973,0.0
2019-08-29,127.2,127.46,125.38,125.67,1528118,0.0
2019-08-30,126.3,127.605,125.79,126,1582874,0.0
2019-09-03,124.94,124.94,123.63,124.25,1612276,0.0
2019-09-04,125.61,126.03,124.92,125.7,2090286,0.0
2019-09-05,126.89,128.87,125.92,128.47,2737052,0.0
2019-09-06,128.5,129.78,128.05,129.48,898524,0.0
2019-09-09,129.79,129.95,128.36,129.95,991739,0.0
2019-09-10,130,131.71,128.6749,131.69,1047415,0.0
2019-09-11,131.39,133.59,130.83,133.09,1432381,0.0
2019-09-12,133.5,134.37,132.39,132.525,912130,0.0
2019-09-13,132.98,135.46,132.56,133.94,961386,0.0
2019-09-16,132.8,132.8,130.18,130.51,962428,0.0
2019-09-17,130.68,131.43,129.78,130.55,693672,0.0
2019-09-18,130.13,130.48,128.71,130.16,766382,0.0
2019-09-19,130.49,131.35,129.41,129.5,716852,0.0
2019-09-20,129.07,129.46,126.86,126.86,2555235,0.0
2019-09-23,126.3,126.635,125.4,125.85,2493846,0.0
2019-09-24,126.11,126.11,122.19,122.19,2265735,0.0
2019-09-25,122.5,123.37,121.28,123.07,2697438,0.0
2019-09-26,122.36,122.89,121.35,121.7,2531357,0.0
2019-09-27,122.48,123,120.022,120.78,2832879,0.0
2019-09-30,121.88,124.61,120.66,124.4,2460006,0.0
2019-10-01,125.05,126.41,123.31,123.4,1602459,0.0
2019-10-02,122.3,122.3,119.6,120.35,1499651,0.0
2019-10-03,120.29,120.68,118.53,119.02,2042364,0.0
2019-10-04,119.96,121.02,119.6,120.84,3448575,0.0
2019-10-07,120.08,120.7099,118.88,119.21,2822592,0.0
2019-10-08,118.2,118.925,116.85,117.67,3082181,0.0
2019-10-09,118.59,119.06,117.245,118.47,2584180,0.0
2019-10-10,118.57,119.84,117.67,118.19,2815834,0.0
2019-10-11,119.73,122.31,119.03,121.12,3191257,0.0
2019-10-14,120.79,120.97,119.37,120.11,1917999,0.0
2019-10-15,120.33,121.71,120.29,121.07,1564942,0.0
2019-10-16,121.18,121.7,120.34,121.12,1796900,0.0
2019-10-17,120.81,121.73,120.35,120.58,1800475,0.0
2019-10-18,120.4,121.4,118.96,121.02,2578210,0.0
2019-10-21,122.4,123.4,122.095,122.98,1115525,0.0
2019-10-22,122.62,123.01,121.85,122.03,1510219,0.0
2019-10-23,121.46,123.67,121.02,123.49,1141367,0.0
2019-10-24,123.93,124.6497,122.86,124.3,1149486,0.0
2019-10-25,123.77,126.72,123.77,126.2,1187294,0.0
2019-10-28,126.03,126.755,125.14,126.6,924752,0.0
2019-10-29,126.77,127.17,125.54,126.53,1095840,0.0
2019-10-30,126.37,126.96,124.71,126.44,806036,0.0
2019-10-31,125.96,126.84,124.725,126.61,1139848,0.0
2019-11-01,128.24,129.12,126.94,128.06,1399353,0.0
2019-11-04,128.86,130.56,127.47,130.24,1912342,0.0
2019-11-05,128.01,134.32,127.75,133.67,3454019,0.0
2019-11-06,133.42,133.77,131.74,132.59,1510319,0.0
2019-11-07,132.55,134.14,132.045,133.05,1400448,0.0
2019-11-08,132.84,133.4,131.98,133.19,768002,0.0
2019-11-11,132.25,132.43,130.83,131.75,995402,0.0
2019-11-12,132.16,134.24,132.005,132.54,1239691,0.0
2019-11-13,132.23,133.855,131.52,133.68,1125096,0.0
2019-11-14,133.42,134.77,132.94,134.56,1102691,0.0
2019-11-15,134.91,135.955,134.17,135.56,1246927,0.0
2019-11-18,135.17,136.31,135.03,135.69,987512,0.0
2019-11-19,136.12,136.33,135.23,135.46,758431,0.0
2019-11-20,133.86,134.5756,131.26,132.71,1116729,0.0
2019-11-21,133.16,133.5222,131.35,132.99,842243,0.0
2019-11-22,133.61,136.52,132.84,136.28,1135074,0.0
2019-11-25,137,138.51,136.6001,138,1029845,0.0
2019-11-26,138.15,140.3,137.34,140.09,1317450,0.0
2019-11-27,140.18,141.75,140.1,141.37,1193036,0.0
2019-11-29,140.77,141.75,140.06,140.41,601151,0.0
2019-12-02,140.68,140.81,139.88,140.44,1140823,0.0
2019-12-03,138.9,139.14,137.76,138.61,980611,0.0
2019-12-04,138.46,139.83,138.375,139.25,933687,0.0
2019-12-05,139.97,140.5,139.507,140.34,717073,0.0
2019-12-06,141.31,142.72,141,142.34,1132719,0.0
2019-12-09,142.22,142.555,141.32,141.34,603667,0.0
2019-12-10,141.09,141.9,140.2,140.57,942055,0.0
2019-12-11,141.28,143.25,140.8,142.75,1217253,0.0
2019-12-12,142.64,145.59,142.33,145.09,1193773,0.0
2019-12-13,145.05,146.45,144.31,146.16,1372993,0.0
2019-12-16,147.6,148.95,147.06,147.9,1123081,0.0
2019-12-17,147.86,149.31,147.69,148.91,1048295,0.0
2019-12-18,148.92,149.72,148.38,149.56,844236,0.0
2019-12-19,149.16,150.43,149.16,150.03,1037555,0.0
2019-12-20,151.28,151.55,148.5153,150.74,1879467,0.0
2019-12-23,151,151.89,150.62,151.23,610297,0.0
2019-12-24,151.17,152.36,150.66,151.51,637190,0.0
2019-12-26,151.76,153.16,151.5464,153.13,563215,0.0
2019-12-27,153.38,153.39,152.53,152.73,493673,0.0
2019-12-30,153,153.24,151.24,151.89,625000,0.0
2019-12-31,151.69,152.45,150.81,151.41,949138,0.0
2020-01-02,151.5,152.6,151.03,151.49,1528990,0.0
2020-01-03,149.19,150.02,148.74,149.255,1657283,0.0
2020-01-06,147.9,147.99,146.21,147.35,1697860,0.0
2020-01-07,146.74,147.22,144.68,144.93,1726534,0.0
2020-01-08,145.13,147.62,144.72,146.77,1127437,0.0
2020-01-09,147.46,147.6,146.2,146.44,850528,0.0
2020-01-10,146.2,146.57,145.05,145.37,727979,0.0
2020-01-13,145.76,146.98,145.54,146.72,695190,0.0
2020-01-14,146.41,147.63,146.11,147.17,737691,0.0
2020-01-15,146.77,148.15,146.58,147.3,632532,0.0
2020-01-16,147.98,149.04,147.5,149.02,643775,0.0
2020-01-17,148.18,150.63,148.07,150.31,805961,0.0
2020-01-21,148.08,148.44,143.42,144.38,4595644,0.0
2020-01-22,145,147.1916,143.75,144.14,1980297,0.0
2020-01-23,142.43,145.06,141.25,144.97,3101773,0.0
2020-01-24,144.97,145.02,139.84,141.02,3601513,0.0
2020-01-27,137.73,139.63,133.36,138,2378957,0.0
2020-01-28,138.71,141.79,138.325,141.25,1567412,0.0
2020-01-29,141.5,143.235,140.38,142.61,1136349,0.0
2020-01-30,140.535,143.54,138.83,143.33,1515860,0.0
2020-01-31,142.15,142.25,138.95,140,1596059,0.0
2020-02-03,141.7,143.895,140.87,141.47,1158195,0.0
2020-02-04,144.47,148.24,143.6775,147.4,1545776,0.0
2020-02-05,149.72,150.03,147.31,147.71,1548407,0.0
2020-02-06,148.29,148.87,145.78,146.28,816269,0.0
2020-02-07,144.91,145.4,142.78,144.09,1416363,0.0
2020-02-10,143.01,145.845,142.45,145.73,1000904,0.0
2020-02-11,145.87,148.95,145.22,147.17,1287899,0.0
2020-02-12,148.04,150.97,148.04,150.8,1160642,0.0
2020-02-13,149.45,149.53,146.66,146.72,1616644,0.0
2020-02-14,146.98,147.36,143.9,144.85,2228383,0.0
2020-02-18,144.23,145.86,144.23,144.89,1856201,0.0
2020-02-19,144.56,147.91,144.56,147.64,1662544,0.0
2020-02-20,147.53,148.9097,146.27,146.84,1120501,0.0
2020-02-21,145.38,145.52,142.54,143.24,1579695,0.0
2020-02-24,136.82,137.38,134.22,134.83,2762882,0.0
2020-02-25,135.99,136.05,123.48,124.1,4465303,0.0
2020-02-26,126.29,127.67,119.87,120.22,4445089,0.0
2020-02-27,117,127.28,114.46,119.64,6578819,0.0
2020-02-28,116.41,124.33,116,124,5931122,0.0
2020-03-02,123.07,123.68,116.6422,122.96,5009622,0.0
2020-03-03,122.76,123.74,113.88,114.28,6256252,0.0
2020-03-04,115.49,118.54,111.28,118.41,6970278,0.0
2020-03-05,113.79,115,108.8,110.22,9143846,0.0
2020-03-06,104.64,113.62,103.89,110.68,6293653,0.0
2020-03-09,102.8958,108.92,102,104.19,6173492,0.0
2020-03-10,108.83,110.03,102.8,109.99,4819518,0.0
2020-03-11,106.2,106.5,99.56,100.11,17161506,0.0
2020-03-12,90,97.81,88.76,93.709,8604003,0.0
2020-03-13,98.23,100.78,91.6,95.61,7995214,0.0
2020-03-16,84.68,91.0734,78.12,86.42,17874978,0.0
2020-03-17,87.52,89.61,67.74,75.24,11314887,0.0
2020-03-18,67.15,67.16,46.5622,63.81,22191827,0.0
2020-03-19,61.18,72.7,52.65,66.8,33759096,0.0
2020-03-20,73.71,84,69.52,74.58,18002723,0.0
2020-03-23,75.02,80.7,67.28,70.15,12528134,0.0
2020-03-24,76.05,81.3606,75,79.14,8755631,0.0
2020-03-25,83.505,92.68,79.23,85.25,8345889,0.0
2020-03-26,87.6,96.003,80.59,82.81,9747368,0.0
2020-03-27,78.7,82.79,76.25,78.85,5319300,0.0
2020-03-30,76.71,78.43,72.84,76.2,11065404,0.0
2020-03-31,74.98,79.24,74.52,74.81,4609708,0.0
2020-04-01,70,71.41,67.65,69.15,7340773,0.0
2020-04-02,69.29,70.59,61.55,63,7687547,0.0
2020-04-03,64.36,64.71,57,59.08,10415363,0.0
2020-04-06,64.55,70.9,63.78,70.6,22431382,0.0
2020-04-07,78.305,81.98,72.68,73.82,23152604,0.0
2020-04-08,75.24,83.94,74.96,82.53,8752622,0.0
2020-04-09,86.036,89.03,79.67,81.33,9723796,0.0
2020-04-13,81.56,81.57,75.71,78.03,7992180,0.0
2020-04-14,81,83.3,78.86,82.76,11555503,0.0
2020-04-15,78.02,81.99,77.53,80.78,13618858,0.0
2020-04-16,80.09,80.99,76.25,80.39,19512719,0.0
2020-04-17,85.2952,85.63,82.29,84.24,14530956,0.0
2020-04-20,81.61,83.25,79.29,79.78,11861404,0.0
2020-04-21,77.63,80.05,77.11,79.9,17845119,0.0
2020-04-22,81.43,82.4747,78.75,80.12,9573365,0.0
2020-04-23,80.45,83.5,79.96,81.09,16722485,0.0
2020-04-24,81.25,82.18,78.4,80.71,9636983,0.0
2020-04-27,82.38,86.26,81.53,85.27,10250550,0.0
2020-04-28,87.4105,88.74,84.52,87.45,3933497,0.0
2020-04-29,90.97,97.45,90.37,96,6951683,0.0
2020-04-30,93.6,93.9,89.27,90.94,9698906,0.0
2020-05-01,87.09,88.48,84.23,84.78,3929907,0.0
2020-05-04,81.79,85.6,80.41,82.56,7537668,0.0
2020-05-05,85.12,87.07,83.07,83.66,3153194,0.0
2020-05-06,84.32,84.93,80.87,81.12,5645012,0.0
2020-05-07,83.35,86.95,83.05,85.98,7374340,0.0
2020-05-08,88.08,88.5,85.65,87.16,4028742,0.0
2020-05-11,84.3,84.75,81.51,82.31,13082924,0.0
2020-05-12,82.96,83.88,79.27,79.27,3332921,0.0
2020-05-13,79.0648,79.3168,74.57,75.26,9311588,0.0
2020-05-14,73,79.28,71.52,79.25,9887194,0.0
2020-05-15,78.47,79.908,77.36,79.75,10495270,0.0
2020-05-18,85.06,93.9,84.865,93.63,10468928,0.0
2020-05-19,92.27,94.84,89.16,90.7,6562589,0.0
2020-05-20,92.36,92.98,90.27,92.68,7774100,0.0
2020-05-21,91.97,93.11,90.27,91.44,2779209,0.0
2020-05-22,92.18,92.25,89.52,91.05,2045349,0.0
2020-05-26,97.885,97.93,94.55,94.89,5886966,0.0
2020-05-27,98.64,98.977,94.77,97.95,4994883,0.0
2020-05-28,97.61,97.92,91.53,91.68,9685824,0.0
2020-05-29,91.21,91.75,88.1,88.52,4721336,0.0
2020-06-01,89.73,95.64,89.3,95.01,4814525,0.0
2020-06-02,97.23,97.35,94.01,95.55,10155767,0.0
2020-06-03,97.3,100.555,96.21,99.9,5789482,0.0
2020-06-04,100.14,105.05,98.0806,104.83,12949280,0.0
2020-06-05,114.38,118.41,106.77,107.92,18874882,0.0
2020-06-08,113.46,114.46,110.51,113.12,11118716,0.0
2020-06-09,109.7992,110.5,106.31,107.37,7391136,0.0
2020-06-10,106.03,106.65,100.05,102.65,5400006,0.0
2020-06-11,95.05,96.5,90.61,91.43,14461266,0.0
2020-06-12,97.61,97.76,92.76,92.76,1682866,0.0
2020-06-15,88,92.33,86.79,90.79,8739310,0.0
2020-06-16,96.34,96.4,90.7,93.98,5775034,0.0
2020-06-17,93.52,94,90.8023,91.15,3653866,0.0
2020-06-18,90.5,94.18,90.17,92.75,6782424,0.0
2020-06-19,93.905,94.13,88.66,89.68,7972043,0.0
2020-06-22,89.5,91,88.28,90.16,4037344,0.0
2020-06-23,91,91.49,88.83,90.61,5231862,0.0
2020-06-24,89.33,89.52,83.88,85,6127374,0.0
2020-06-25,83.59,84.56,82.12,83.98,5013837,0.0
2020-06-26,83.55,83.95,80.3994,80.88,5734171,0.0
2020-06-29,81.53,86.61,80.26,86.6,4853392,0.0
2020-06-30,85.41,86.9199,84,85.73,3750109,0.0
2020-07-01,86.67,90.5,86.33,86.64,5357443,0.0
2020-07-02,89.7,90.23,86.26,87.82,3565900,0.0
2020-07-06,89.6574,90.34,87.12,89.8,2855296,0.0
2020-07-07,88.63,88.9795,87.08,87.48,2488668,0.0
2020-07-08,87.29,90.03,86.49,90.01,3141365,0.0
2020-07-09,90.22,90.28,86,86.21,4947844,0.0
2020-07-10,85.86,88.61,85.5,88.52,2963932,0.0
2020-07-13,89.07,90.54,87.31,87.53,3694024,0.0
2020-07-14,87,87.73,86,87.09,2733124,0.0
2020-07-15,90.23,94.75,90.16,94.01,6425130,0.0
2020-07-16,92.13,93.43,90.7627,93.235,2193256,0.0
2020-07-17,93.03,93.1,90.1,91.47,2106829,0.0
2020-07-20,90.64,91.63,87.57,88.47,2848431,0.0
2020-07-21,89.67,91.5,88.5,89.96,2246059,0.0
2020-07-22,89.07,90.96,88.81,90.78,1556808,0.0
2020-07-23,89.91,90.2,87.98,88.97,1359168,0.0
2020-07-24,88.89,88.89,86.57,87.52,1940921,0.0
2020-07-27,86.11,87.135,85.2,86.23,2462933,0.0
2020-07-28,86.31,87.88,85.96,86.59,2020575,0.0
2020-07-29,87.08,88.1779,86,87.15,1522356,0.0
2020-07-30,85.46,86.1074,84.54,85.51,2275226,0.0
2020-07-31,84.53,84.61,82.06,83.83,3538472,0.0
2020-08-03,83.26,83.965,81.3,83.48,2178917,0.0
2020-08-04,83.42,86.27,82.62,86.1,2787640,0.0
2020-08-05,87.72,87.9307,85.88,87.27,1981006,0.0
2020-08-06,86.46,91.2165,85.951,90.39,3624337,0.0
2020-08-07,90.23,94.05,88.62,93.74,4578187,0.0
2020-08-10,94.08,98.125,93.42,97.13,4762508,0.0
2020-08-11,101.18,101.62,96.8701,97,5161842,0.0
2020-08-12,99.21,99.65,95.39,95.98,3612743,0.0
2020-08-13,95.93,98.5,95.54,96.5,1994635,0.0
2020-08-14,97.25,97.67,95.96,96,3111494,0.0
2020-08-17,97.22,97.5,95.1601,95.74,1875126,0.0
2020-08-18,95.52,95.84,93.43,94.46,1543152,0.0
2020-08-19,94.91,95.8436,93.67,94.03,1377309,0.0
2020-08-20,92.46,95.63,92.07,94.06,2056025,0.0
2020-08-21,93.81,97.03,93.5,95.27,1926777,0.0
2020-08-24,96.01,98.57,95,97.87,2606993,0.0
2020-08-25,98.825,100.38,97.52,98.77,2117635,0.0
2020-08-26,98.34,98.57,96.33,97.36,1968314,0.0
2020-08-27,99.2503,103.3242,99,101.8,3669216,0.0
2020-08-28,102.96,106.61,101.95,106.26,3430187,0.0
2020-08-31,105.25,105.96,102.84,102.84,2424667,0.0
2020-09-01,101.48,104.58,100.76,103.12,1773649,0.0
2020-09-02,103.28,104.84,102.4039,104.35,1674143,0.0
2020-09-03,104.99,107.9,102.21,103.09,2581550,0.0
2020-09-04,104.89,107.04,103.21,104.82,2560703,0.0
2020-09-08,103,107.15,102.37,104.01,2472838,0.0
2020-09-09,103.81,103.94,100.83,101.99,2267073,0.0
2020-09-10,103.69,104.195,100.11,100.39,1777775,0.0
2020-09-11,100.94,101.11,97.39,99.25,2411702,0.0
2020-09-14,100.88,104.9,100.55,104.67,2272022,0.0
2020-09-15,104.98,106.36,103.22,105.39,1725323,0.0
2020-09-16,106.11,108.8899,104.44,107.78,2714445,0.0
2020-09-17,105.77,107.13,103.7,104.44,2435445,0.0
2020-09-18,103.37,103.94,99.58,99.76,3982270,0.0
2020-09-21,95.96,96.4,91.4,93.01,4542511,0.0
2020-09-22,93.51,95.53,93,95.5,2706745,0.0
2020-09-23,96.35,97.86,92.615,92.93,2510036,0.0
2020-09-24,92.265,93.58,90.48,91.27,2821282,0.0
2020-09-25,90.33,93.43,90.27,92.95,2016714,0.0
2020-09-28,95.05,97.39,93.94,96.04,1973286,0.0
2020-09-29,96.19,96.19,92.81,93.21,1751270,0.0
2020-09-30,94.41,96.02,92.15,92.58,2276712,0.0
2020-10-01,93.22,94.95,92.51,94.46,1764007,0.0
2020-10-02,91.7,95.62,91.44,95.24,1714370,0.0
2020-10-05,95.78,97.24,95.13,96.78,1696707,0.0
2020-10-06,98.15,100.33,96.52,96.99,2505313,0.0
2020-10-07,98.24,99.93,98.01,99,1568054,0.0
2020-10-08,99.81,100.44,98.205,100.31,1509922,0.0
2020-10-09,101.29,102.09,99.26,99.35,1394965,0.0
2020-10-12,99.46,101.11,98.84,100.68,1978270,0.0
2020-10-13,99.23,99.53,96.91,98.28,2250557,0.0
2020-10-14,98.76,99.2,96.56,97.01,1908435,0.0
2020-10-15,96.29,97.29,94.77,97.09,1579742,0.0
2020-10-16,97.33,98.99,96.81,97.79,1479886,0.0
2020-10-19,98.515,98.515,93.64,93.88,1426269,0.0
2020-10-20,95.3,97.09,94.2,96.06,1294355,0.0
2020-10-21,95.53,96.02,94.31,95.14,1155378,0.0
2020-10-22,96.1,101.21,95.64,100.8,2356572,0.0
2020-10-23,101.71,102.27,100.18,101.8,1705120,0.0
2020-10-26,99.5,99.51,94.42,96.07,2055723,0.0
2020-10-27,96.47,96.87,93.35,93.44,1936406,0.0
2020-10-28,91.57,92.52,88.92,89.97,2401709,0.0
2020-10-29,89.99,93.77,89.01,93.35,2018806,0.0
2020-10-30,92.05,94.03,90.55,92.88,2218367,0.0
