Date,Open,High,Low,Close,Volume,OpenInterest
2016-08-24,0.145,0.145,0.1271,0.135,23188,0.0
2016-08-25,0.13,0.13,0.1271,0.1271,22209,0.0
2016-08-26,0.1271,0.145,0.1271,0.1449,7035,0.0
2016-08-29,0.145,0.145,0.1285,0.1285,4025,0.0
2016-08-30,0.12855,0.145,0.12855,0.13755,479,0.0
2016-08-31,0.1271,0.14,0.125,0.14,12564,0.0
2016-09-01,0.1301,0.1301,0.1301,0.1301,31,0.0
2016-09-02,0.125,0.135,0.125,0.125,11338,0.0
2016-09-06,0.125,0.145,0.125,0.13,52184,0.0
2016-09-07,0.1301,0.1375,0.13,0.1301,1177,0.0
2016-09-08,0.13,0.135,0.13,0.1336,5337,0.0
2016-09-09,0.13,0.13,0.1275,0.13,99675,0.0
2016-09-12,0.125,0.14,0.125,0.135,24350,0.0
2016-09-13,0.135,0.14,0.125,0.14,41272,0.0
2016-09-14,0.1251,0.14,0.1251,0.135,16512,0.0
2016-09-15,0.13,0.13,0.13,0.13,3750,0.0
2016-09-16,0.13,0.13,0.127,0.127,61883,0.0
2016-09-19,0.127,0.136,0.127,0.127,6750,0.0
2016-09-20,0.125,0.1449,0.125,0.138,85365,0.0
2016-09-21,0.1251,0.15,0.121,0.126,353299,0.0
2016-09-22,0.129,0.15,0.129,0.15,10239,0.0
2016-09-23,0.1295,0.15,0.1285,0.15,22362,0.0
2016-09-26,0.1301,0.1301,0.1301,0.1301,50,0.0
2016-09-27,0.13,0.1479,0.1281,0.1325,146137,0.0
2016-09-28,0.13,0.135,0.13,0.135,30009,0.0
2016-09-29,0.13,0.135,0.13,0.1325,15047,0.0
2016-09-30,0.13,0.13,0.125,0.13,101089,0.0
2016-10-03,0.13,0.13,0.1275,0.1275,1062,0.0
2016-10-04,0.12875,0.13,0.1275,0.1275,14575,0.0
2016-10-05,0.1275,0.13,0.1275,0.13,4440,0.0
2016-10-06,0.1275,0.13,0.123,0.123,154803,0.0
2016-10-07,0.125,0.128,0.122,0.126,36975,0.0
2016-10-10,0.122,0.1245,0.11355,0.11355,54334,0.0
2016-10-11,0.125,0.14,0.113,0.125,74980,0.0
2016-10-12,0.1133,0.127,0.1133,0.125,15225,0.0
2016-10-13,0.1231,0.1231,0.103,0.1096,170671,0.0
2016-10-14,0.11,0.1199,0.105,0.1125,46241,0.0
2016-10-17,0.105249,0.11,0.1046,0.11,65332,0.0
2016-10-18,0.1047,0.11,0.08,0.1059,278960,0.0
2016-10-19,0.1,0.1049,0.09,0.1049,45843,0.0
2016-10-20,0.1028,0.1088,0.1,0.1088,24949,0.0
2016-10-21,0.1,0.109,0.09,0.1,73134,0.0
2016-10-24,0.0951,0.1023,0.095,0.0951,12153,0.0
2016-10-25,0.095,0.101,0.095,0.095,28768,0.0
2016-10-26,0.09,0.0995,0.09,0.09,60729,0.0
2016-10-27,0.0901,0.1,0.09,0.1,25972,0.0
2016-10-28,0.1,0.1,0.0901,0.0995,20095,0.0
2016-10-31,0.09,0.1,0.09,0.09,3032,0.0
2016-11-01,0.0945,0.0945,0.09,0.0938,5009,0.0
2016-11-02,0.095,0.095,0.09485,0.09485,256,0.0
2016-11-03,0.1,0.1,0.09,0.1,4037,0.0
2016-11-04,0.09,0.1,0.0851,0.09,39709,0.0
2016-11-07,0.09,0.0995,0.085,0.09,17210,0.0
2016-11-08,0.0866,0.1,0.0851,0.099,13186,0.0
2016-11-09,0.0922,0.0929,0.085,0.085,6132,0.0
2016-11-10,0.0925,0.1,0.0925,0.1,3282,0.0
2016-11-11,0.085,0.1,0.085,0.091,32399,0.0
2016-11-14,0.091,0.1075,0.091,0.1,140866,0.0
2016-11-15,0.095,0.1,0.095,0.1,11158,0.0
2016-11-16,0.11,0.12,0.09,0.1,216311,0.0
2016-11-17,0.1,0.1,0.09,0.0995,53156,0.0
2016-11-18,0.094275,0.1,0.09,0.1,87076,0.0
2016-11-21,0.1,0.1,0.09,0.096,37279,0.0
2016-11-22,0.096,0.13,0.09,0.1101,21907,0.0
2016-11-23,0.1061,0.1061,0.0755,0.099,462505,0.0
2016-11-25,0.099,0.125,0.099,0.125,140650,0.0
2016-11-28,0.123,0.125,0.101,0.1199,39345,0.0
2016-11-29,0.10978,0.1199,0.1085,0.115,5352,0.0
2016-11-30,0.102,0.1115,0.101,0.11,109543,0.0
2016-12-01,0.11,0.1399,0.1033,0.136,147956,0.0
2016-12-02,0.12,0.2108,0.12,0.19,453665,0.0
2016-12-05,0.1725,0.19,0.14,0.14,101590,0.0
2016-12-06,0.14,0.2,0.14,0.1719,159506,0.0
2016-12-07,0.16,0.16,0.13,0.145,255399,0.0
2016-12-08,0.1836,0.1836,0.13,0.1579,400865,0.0
2016-12-09,0.15596,0.158,0.15,0.155,38382,0.0
2016-12-12,0.1501,0.175,0.15,0.1653,80223,0.0
2016-12-13,0.152,0.2,0.152,0.19,364058,0.0
2016-12-14,0.1901,0.24,0.19,0.23,460053,0.0
2016-12-15,0.24,0.24,0.1901,0.2,104715,0.0
2016-12-16,0.21,0.21,0.171,0.19,8990,0.0
2016-12-19,0.171,0.18,0.15,0.18,43341,0.0
2016-12-20,0.17,0.19,0.17,0.1801,20303,0.0
2016-12-21,0.17,0.18,0.1301,0.1301,70990,0.0
2016-12-22,0.13,0.153,0.13,0.15,68714,0.0
2016-12-23,0.13,0.1597,0.13,0.14,21838,0.0
2016-12-27,0.155,0.1778,0.131,0.14,140110,0.0
2016-12-28,0.1311,0.1699,0.131,0.141,71342,0.0
2016-12-29,0.1311,0.1521,0.1311,0.14,126143,0.0
2016-12-30,0.14,0.15,0.14,0.15,39152,0.0
2017-01-03,0.14,0.169,0.14,0.169,46468,0.0
2017-01-04,0.141,0.22,0.141,0.1762,232592,0.0
2017-01-05,0.176,0.2,0.17,0.1835,155775,0.0
2017-01-06,0.1701,0.185,0.151,0.1749,111688,0.0
2017-01-09,0.152,0.19,0.152,0.19,44014,0.0
2017-01-10,0.19,0.19,0.1751,0.1751,18693,0.0
2017-01-11,0.185,0.185,0.175,0.175,10691,0.0
2017-01-12,0.1805,0.1805,0.155249,0.155249,21079,0.0
2017-01-13,0.1552,0.1699,0.1421,0.1699,76975,0.0
2017-01-17,0.17,0.17,0.15,0.15,49535,0.0
2017-01-18,0.15,0.17,0.15,0.1526,24263,0.0
2017-01-19,0.162,0.17,0.162,0.1621,4497,0.0
2017-01-20,0.161,0.161,0.15675,0.1568,17634,0.0
2017-01-23,0.162,0.162,0.1535,0.1578,2824,0.0
2017-01-24,0.1578,0.1578,0.1461,0.1531,41257,0.0
2017-01-25,0.16,0.16,0.1475,0.1475,12000,0.0
2017-01-26,0.1475,0.15,0.14,0.15,21475,0.0
2017-01-27,0.15,0.15,0.143,0.143,20520,0.0
2017-01-30,0.17,0.17,0.121,0.13,123804,0.0
2017-01-31,0.125,0.13,0.1221,0.13,110665,0.0
2017-02-01,0.135,0.1395,0.135,0.135,2023,0.0
2017-02-02,0.141,0.159,0.141,0.1451,58000,0.0
2017-02-03,0.15,0.15,0.1377,0.1377,11240,0.0
2017-02-06,0.126,0.15,0.126,0.1351,25886,0.0
2017-02-07,0.14,0.22,0.14,0.2,1209311,0.0
2017-02-08,0.209,0.209,0.1605,0.175,231748,0.0
2017-02-09,0.175,0.175,0.15,0.15,141400,0.0
2017-02-10,0.1747,0.2148,0.1675,0.179,563707,0.0
2017-02-13,0.195,0.2,0.18,0.18,157260,0.0
2017-02-14,0.18,0.2,0.18,0.19,73647,0.0
2017-02-15,0.1896,0.2,0.1793,0.1828,41227,0.0
2017-02-16,0.161,0.1859,0.161,0.18,48552,0.0
2017-02-17,0.161,0.1798,0.161,0.175,80195,0.0
2017-02-21,0.2,0.2,0.16,0.165,84725,0.0
2017-02-22,0.175,0.21,0.167,0.21,207111,0.0
2017-02-23,0.21,0.22,0.197,0.22,157524,0.0
2017-02-24,0.1995,0.23,0.1901,0.23,130267,0.0
2017-02-27,0.196,0.1963,0.18,0.185,44523,0.0
2017-02-28,0.193,0.23,0.1906,0.229,120490,0.0
2017-03-01,0.23,0.235,0.22,0.225,98986,0.0
2017-03-02,0.236,0.275,0.22,0.275,376595,0.0
2017-03-03,0.225,0.2799,0.225,0.26,151573,0.0
2017-03-06,0.26,0.27,0.2204,0.245,46423,0.0
2017-03-07,0.201,0.2448,0.201,0.22,17638,0.0
2017-03-08,0.2096,0.219,0.2012,0.21,49923,0.0
2017-03-09,0.2141,0.22,0.195,0.218,165476,0.0
2017-03-10,0.22,0.2375,0.2006,0.225,71172,0.0
2017-03-13,0.209,0.22,0.2,0.21,80720,0.0
2017-03-14,0.21,0.23,0.196,0.21,63650,0.0
2017-03-15,0.21,0.21,0.19,0.21,145266,0.0
2017-03-16,0.181,0.21,0.181,0.21,70361,0.0
2017-03-17,0.1953,0.22,0.1905,0.22,77342,0.0
2017-03-20,0.21,0.23,0.21,0.2221,30423,0.0
2017-03-21,0.2101,0.23,0.21,0.2245,39081,0.0
2017-03-22,0.22,0.24,0.2083,0.24,31912,0.0
2017-03-23,0.24,0.24,0.205,0.24,5017,0.0
2017-03-24,0.21,0.24,0.21,0.2396,117084,0.0
2017-03-27,0.211,0.2501,0.206,0.2154,272576,0.0
2017-03-28,0.21,0.2297,0.21,0.2297,543,0.0
2017-03-29,0.21,0.2315,0.21,0.23,15292,0.0
2017-03-30,0.235,0.245,0.22,0.22,10600,0.0
2017-03-31,0.245,0.28,0.22,0.28,170917,0.0
2017-04-03,0.28,0.29,0.265,0.29,126370,0.0
2017-04-04,0.268,0.289,0.2603,0.289,61640,0.0
2017-04-05,0.27,0.335,0.27,0.335,205252,0.0
2017-04-06,0.335,0.445,0.326,0.375,357101,0.0
2017-04-07,0.38,0.46,0.38,0.42,291056,0.0
2017-04-10,0.42,0.48,0.415,0.43,98200,0.0
2017-04-11,0.455,0.48,0.43,0.43,56315,0.0
2017-04-12,0.435,0.4698,0.43,0.44,98052,0.0
2017-04-13,0.43,0.44,0.36,0.38,121592,0.0
2017-04-17,0.38,0.38,0.335,0.34,88341,0.0
2017-04-18,0.34,0.3649,0.34,0.36,14848,0.0
2017-04-19,0.3599,0.3599,0.335,0.35,29906,0.0
2017-04-20,0.33515,0.344,0.325,0.325,12933,0.0
2017-04-21,0.33,0.335,0.31,0.31,44962,0.0
2017-04-24,0.31,0.315,0.3016,0.31,43327,0.0
2017-04-25,0.311,0.3184,0.305,0.305,15367,0.0
2017-04-26,0.305,0.32,0.305,0.315,14228,0.0
2017-04-27,0.31495,0.37,0.31,0.35,88633,0.0
2017-04-28,0.3401,0.37,0.3202,0.35,32705,0.0
2017-05-01,0.35,0.35,0.34,0.34,13550,0.0
2017-05-02,0.34,0.38,0.34,0.38,47900,0.0
2017-05-03,0.3675,0.39,0.35,0.38,28058,0.0
2017-05-04,0.377,0.38,0.377,0.38,11475,0.0
2017-05-05,0.3502,0.43,0.3502,0.38,150684,0.0
2017-05-08,0.33,0.45,0.33,0.45,83508,0.0
2017-05-09,0.43,0.43,0.39,0.41,97267,0.0
2017-05-10,0.4239,0.4239,0.381,0.405,18678,0.0
2017-05-11,0.4226,0.45,0.3804,0.45,88903,0.0
2017-05-12,0.382,0.44,0.382,0.3935,37863,0.0
2017-05-15,0.42,0.42,0.386,0.4199,56516,0.0
2017-05-16,0.4099,0.4099,0.32,0.33,350421,0.0
2017-05-17,0.33,0.335,0.305,0.325,110993,0.0
2017-05-18,0.32,0.33,0.308,0.33,57714,0.0
2017-05-19,0.3051,0.33,0.2999,0.31,38860,0.0
2017-05-22,0.31,0.31,0.2928,0.2989,55795,0.0
2017-05-23,0.2994,0.2994,0.294,0.294,7201,0.0
2017-05-24,0.294,0.32,0.294,0.3105,44618,0.0
2017-05-25,0.301,0.3149,0.301,0.301,6689,0.0
2017-05-26,0.315,0.33,0.3135,0.3135,25716,0.0
2017-05-30,0.305,0.32,0.3,0.3175,77405,0.0
2017-05-31,0.3075,0.32,0.3,0.3,13690,0.0
2017-06-01,0.309,0.34,0.3,0.325,27102,0.0
2017-06-02,0.296,0.3461,0.296,0.32,24551,0.0
2017-06-05,0.2951,0.35,0.2951,0.33,22324,0.0
2017-06-06,0.2951,0.39,0.2951,0.38,28451,0.0
2017-06-07,0.3401,0.405,0.3401,0.405,21866,0.0
2017-06-08,0.39,0.39,0.37,0.39,49471,0.0
2017-06-09,0.3875,0.4,0.36,0.394,20779,0.0
2017-06-12,0.3655,0.4,0.3655,0.399,10293,0.0
2017-06-13,0.38505,0.4,0.3701,0.4,9142,0.0
2017-06-14,0.42,0.42,0.385,0.4,14169,0.0
2017-06-15,0.39175,0.39175,0.385,0.385,12,0.0
2017-06-16,0.3925,0.4,0.385,0.4,7338,0.0
2017-06-19,0.385,0.4,0.385,0.4,12562,0.0
2017-06-20,0.385,0.4,0.38,0.38,21265,0.0
2017-06-21,0.335,0.41,0.335,0.365,45156,0.0
2017-06-22,0.35,0.38,0.335,0.38,16324,0.0
2017-06-23,0.41,0.41,0.3351,0.39,7674,0.0
2017-06-26,0.39,0.39,0.338,0.338,10001,0.0
2017-06-27,0.39,0.39,0.3625,0.3625,2013,0.0
2017-06-28,0.335,0.38,0.335,0.376467,20327,0.0
2017-06-29,0.35,0.38,0.35,0.38,9607,0.0
2017-06-30,0.38,0.38,0.3351,0.38,24272,0.0
2017-07-03,0.38,0.38,0.3401,0.36005,57,0.0
2017-07-05,0.38,0.38,0.36,0.36,20833,0.0
2017-07-06,0.365,0.37,0.35,0.36,13848,0.0
2017-07-07,0.3699,0.3699,0.35,0.355,21642,0.0
2017-07-10,0.3351,0.3605,0.3156,0.3326,25880,0.0
2017-07-11,0.34,0.35,0.34,0.35,937,0.0
2017-07-12,0.35,0.35,0.32,0.33,11746,0.0
2017-07-13,0.325,0.34,0.32,0.33,8802,0.0
2017-07-14,0.33,0.365,0.33,0.355,28220,0.0
2017-07-17,0.3525,0.36,0.3301,0.36,10023,0.0
2017-07-18,0.3451,0.34995,0.3201,0.33,19156,0.0
2017-07-19,0.33,0.37,0.3201,0.3596,140497,0.0
2017-07-20,0.385,0.385,0.25,0.33,41819,0.0
2017-07-21,0.35,0.35,0.33,0.34,10468,0.0
2017-07-24,0.34,0.35,0.320399,0.320399,20718,0.0
2017-07-25,0.32,0.35,0.32,0.35,31156,0.0
2017-07-26,0.3525,0.36,0.3206,0.3365,11117,0.0
2017-07-27,0.3301,0.3757,0.3301,0.3757,4740,0.0
2017-07-28,0.3551,0.38,0.3301,0.38,6841,0.0
2017-07-31,0.38,0.38,0.3301,0.345,12230,0.0
2017-08-01,0.35,0.35,0.33,0.34,53004,0.0
2017-08-02,0.3301,0.345,0.27,0.2879,76180,0.0
2017-08-03,3,3,3,3,465,0.0
2017-08-04,5,5,3.1,3.5,2560,0.0
2017-08-07,3.5,3.8,3.25,3.5,4721,0.0
2017-08-08,3.5,3.5,3,3.035,4458,0.0
2017-08-09,3.02,3.02,2.48,2.48,6279,0.0
2017-08-10,2.34,2.715,2.34,2.65,2357,0.0
2017-08-11,2.44,2.76,2,2.76,9618,0.0
2017-08-14,2.7,2.7,2.7,2.7,2602,0.0
2017-08-15,2.775,2.99,2.6,2.66,1617,0.0
2017-08-16,2.68,2.87,2.68,2.68,800,0.0
2017-08-17,2.835,3.17,2.83,2.975,3400,0.0
2017-08-18,3.035,3.035,2.95,2.95,350,0.0
2017-08-21,2.83,3.17,2.68,3.15,1784,0.0
2017-08-22,3.44,3.44,3.44,3.44,990,0.0
2017-08-23,3,3.07,3,3.07,200,0.0
2017-08-24,3.35,3.35,3.01,3.01,1307,0.0
2017-08-25,2.91,3.3,2.67,2.934,18084,0.0
2017-08-28,2.505,3,2.505,2.8,5639,0.0
2017-08-29,2.6,2.8,2.4,2.7,4453,0.0
2017-08-30,2.55,2.926,2.55,2.926,1180,0.0
2017-08-31,2.71,2.905,2.5,2.9,2783,0.0
2017-09-01,2.94,2.953,2.5,2.94,4341,0.0
2017-09-05,3,3,2.53,2.54,121,0.0
2017-09-06,2.96,2.96,2.54,2.9,2242,0.0
2017-09-07,2.9,2.9,2.6,2.85,283,0.0
2017-09-08,2.71,2.9,2.6,2.9,2348,0.0
2017-09-11,2.6,2.86,2.6,2.84,4588,0.0
2017-09-12,2.61,2.84,2.31,2.5,13681,0.0
2017-09-13,2.35,2.83,2.32,2.72,1290,0.0
2017-09-14,2.4,2.445,2.4,2.445,21,0.0
2017-09-15,2.77,2.78,2.77,2.77,2657,0.0
2017-09-18,2.55,2.9,2.55,2.7,5609,0.0
2017-09-19,2.6,2.6,2.6,2.6,20,0.0
2017-09-20,2.7,2.7,2.58,2.58,4225,0.0
2017-09-21,2.465,2.69,2.465,2.6,497,0.0
2017-09-22,2.465,2.6,2.32,2.59,3098,0.0
2017-09-25,2.35,2.83,2.35,2.83,912,0.0
2017-09-26,2.65,2.65,2.45,2.65,731,0.0
2017-09-27,2.65,2.75,2.5,2.75,4008,0.0
2017-09-28,2.52,2.65,2.52,2.65,89,0.0
2017-09-29,2.6,2.7,2.457,2.7,3123,0.0
2017-10-02,2.46,2.49,2.46,2.49,15,0.0
2017-10-03,2.42,2.68,2.16,2.27,4873,0.0
2017-10-04,2.2,2.32,2.2,2.22,1162,0.0
2017-10-05,2.39,2.44,2.2,2.21,1614,0.0
2017-10-06,2.25,2.4,2.011,2.139,8216,0.0
2017-10-09,2.2,2.29,2.2,2.29,101,0.0
2017-10-10,2.22,2.4,2.22,2.4,201,0.0
2017-10-11,2.22,2.25,2.22,2.25,226,0.0
2017-10-12,2.2,2.4,2.2,2.4,4164,0.0
2017-10-13,2.25,2.4,2.25,2.25,523,0.0
2017-10-16,2.4,2.4,2.25,2.25,1640,0.0
2017-10-17,2.27,2.31,2.27,2.27,525,0.0
2017-10-18,2.3,2.4,2.27,2.4,1137,0.0
2017-10-20,2.274,2.31,2.27,2.31,31,0.0
2017-10-23,2.27,2.283,2.27,2.27,17,0.0
2017-10-24,2.27,2.273,2.27,2.273,327,0.0
2017-10-25,2.27,2.279,2.22,2.22,5138,0.0
2017-10-26,2.2,2.2,2.06,2.083,6768,0.0
2017-10-27,2.03,2.05,1.93,2.01,7552,0.0
2017-10-30,2.1,2.1,1.35,1.65,24234,0.0
2017-10-31,1.61,1.99,1.61,1.99,6880,0.0
2017-11-01,1.62,1.99,1.62,1.98,4331,0.0
2017-11-02,1.73,1.98,1.73,1.73,217,0.0
2017-11-03,1.73,1.73,1.73,1.73,13,0.0
2017-11-06,1.753,1.77,1.7115,1.7115,1834,0.0
2017-11-07,1.68,1.8,1.61,1.61,10988,0.0
2017-11-08,1.5,1.505,1.383,1.44,23141,0.0
2017-11-09,1.44,1.4815,1.44,1.46,2530,0.0
2017-11-10,1.45,1.716,1.45,1.49,2802,0.0
2017-11-13,1.73,1.79,1.58,1.79,1382,0.0
2017-11-14,1.769,1.769,1.58,1.58,121,0.0
2017-11-15,1.58,1.78,1.58,1.78,15,0.0
2017-11-16,1.53,1.7,1.33,1.41,2496,0.0
2017-11-17,1.4,1.85,1.4,1.53,11454,0.0
2017-11-20,1.53,1.75,1.53,1.75,20854,0.0
2017-11-21,1.7,1.8,1.534,1.8,11472,0.0
2017-11-22,1.8,1.8,1.6,1.6,209,0.0
2017-11-24,1.58,1.67,1.58,1.67,87,0.0
2017-11-27,1.8,2.15,1.8,2.15,17860,0.0
2017-11-28,2.05,2.13,1.82,2.08,12485,0.0
2017-11-29,2.03,2.13,2.03,2.13,1630,0.0
2017-11-30,2.03,2.08,2.03,2.03,196,0.0
2017-12-01,2.03,2.05,2.03,2.05,2564,0.0
2017-12-04,2.05,2.15,2.05,2.09,1642,0.0
2017-12-05,2.05,2.15,2.05,2.15,1114,0.0
2017-12-06,2.05,2.12,2.05,2.08,1969,0.0
2017-12-07,2.05,2.1,1.71,1.71,8544,0.0
2017-12-08,2,2,1.71,1.94,1902,0.0
2017-12-11,2,2.1,1.8,2.1,12814,0.0
2017-12-12,2,2.1399,1.95,2.03,2722,0.0
2017-12-13,1.82,2.09,1.82,2.05,4905,0.0
2017-12-14,2,2.1,2,2,335,0.0
2017-12-15,2,2.04,1.85,1.85,4277,0.0
2017-12-18,1.89,2,1.76,1.76,5517,0.0
2017-12-19,1.86,2,1.75,1.85,3302,0.0
2017-12-20,1.8,1.95,1.75,1.95,535,0.0
2017-12-21,1.86,2,1.86,1.96,3290,0.0
2017-12-22,1.96,2.12,1.75,1.95,5384,0.0
2017-12-26,1.975,1.975,1.85,1.86,250,0.0
2017-12-27,1.87,1.906,1.75,1.87,4200,0.0
2017-12-28,1.75,1.95,1.75,1.79,4118,0.0
2017-12-29,1.73,1.88,1.65,1.65,11571,0.0
2018-01-02,1.52,1.78,1.52,1.6,1221,0.0
2018-01-03,1.8,2.089,1.557,1.557,21759,0.0
2018-01-04,1.66,1.97,1.66,1.88,3117,0.0
2018-01-05,1.87,1.99,1.7,1.9699,7527,0.0
2018-01-08,1.96,1.96,1.65,1.92,5174,0.0
2018-01-09,1.65,1.898,1.65,1.898,226,0.0
2018-01-10,1.7,1.9,1.7,1.738,717,0.0
2018-01-11,1.72,1.83,1.72,1.72,172,0.0
2018-01-12,1.72,1.9,1.72,1.8,8217,0.0
2018-01-16,1.75,1.838,1.72,1.838,1590,0.0
2018-01-17,1.8,1.8,1.78,1.8,1000,0.0
2018-01-18,1.8,1.85,1.73,1.73,1516,0.0
2018-01-19,1.87,1.87,1.71,1.71,1921,0.0
2018-01-22,1.71,2.1,1.71,1.75,17234,0.0
2018-01-23,1.8,1.94,1.75,1.76,6102,0.0
2018-01-24,1.76,1.83,1.76,1.83,460,0.0
2018-01-25,1.8,1.8,1.71,1.71,460,0.0
2018-01-26,1.73,1.8,1.71,1.71,2109,0.0
2018-01-29,1.715,1.73,1.71,1.71,11116,0.0
2018-01-30,1.71,1.8,1.7,1.79,2773,0.0
2018-01-31,1.71,1.8,1.7,1.75,8182,0.0
2018-02-01,1.71,1.74,1.71,1.74,2275,0.0
2018-02-02,1.71,1.71,1.71,1.71,600,0.0
2018-02-05,1.71,1.73,1.71,1.71,3142,0.0
2018-02-06,1.71,1.75,1.71,1.71,5412,0.0
2018-02-07,1.71,1.7825,1.61625,1.7825,10333,0.0
2018-02-08,1.7,1.7,1.65,1.69375,61,0.0
2018-02-09,1.56,1.635,1.56,1.63,4451,0.0
2018-02-12,1.57,1.7,1.57,1.7,516,0.0
2018-02-13,1.57,1.57,1.57,1.57,27,0.0
2018-02-14,1.57,1.57,1.57,1.57,46,0.0
2018-02-15,1.68,1.68,1.58375,1.58375,342,0.0
2018-02-16,1.57,1.7,1.57,1.7,2228,0.0
2018-02-20,1.6,1.61875,1.6,1.6,1022,0.0
2018-02-21,1.62,1.69,1.55,1.655,1303,0.0
2018-02-22,1.69,1.699,1.61,1.61,706,0.0
2018-02-23,1.69,1.79,1.55,1.79,4138,0.0
2018-02-26,1.55,1.65,1.55,1.55,993,0.0
2018-02-27,1.55,1.6,1.55,1.6,4,0.0
2018-02-28,1.6,1.6,1.6,1.6,283,0.0
2018-03-01,1.6,1.65,1.6,1.6,206,0.0
2018-03-02,1.6,1.7,1.55,1.55,1803,0.0
2018-03-05,1.6,1.6,1.55,1.55,101,0.0
2018-03-06,1.55,1.55,1.55,1.55,319,0.0
2018-03-07,1.55,1.6,1.55,1.5563,655,0.0
2018-03-08,1.56,1.56,1.56,1.56,4,0.0
2018-03-09,1.6,1.6,1.52,1.52,126,0.0
2018-03-12,1.53875,1.55,1.53875,1.55,60,0.0
2018-03-13,1.53,1.6,1.53,1.56,1063,0.0
2018-03-14,1.55,1.55,1.22,1.31,6640,0.0
2018-03-15,1.5,1.5,1.36875,1.36875,1001,0.0
2018-03-16,1.425,1.5,1.25,1.5,1902,0.0
2018-03-20,1.27,1.5,1.27,1.5,4754,0.0
2018-03-21,1.5,1.5,1.5,1.5,1828,0.0
2018-03-22,1.55,1.55,1.255,1.5,5932,0.0
2018-03-23,1.49,1.5,1.1,1.5,8309,0.0
2018-03-26,1.33,1.5,1.33,1.5,925,0.0
2018-03-27,1.34,1.6,1.33,1.33,2834,0.0
2018-03-28,1.5,1.5,1.35,1.35,1078,0.0
2018-03-29,1.35,1.4,1.35,1.35,415,0.0
2018-04-02,1.35,1.47,1.35,1.47,616,0.0
2018-04-03,1.35,1.35,1.35,1.35,2531,0.0
2018-04-04,1.35,1.35,1.35,1.35,34,0.0
2018-04-05,1.35,1.4,1.35,1.35,510,0.0
2018-04-06,1.35,1.3625,1.35,1.3625,251,0.0
2018-04-09,1.35,1.35,1.35,1.35,523,0.0
2018-04-10,1.35,1.42,1.33,1.33,619,0.0
2018-04-11,1.33,1.42,1.33,1.42,108,0.0
2018-04-12,1.24,1.24,1.05,1.1,808,0.0
2018-04-13,1.15,1.41,1.15,1.2,2755,0.0
2018-04-16,1.16,1.41,1.16,1.22,665,0.0
2018-04-17,1.22,1.35,1.22,1.35,26,0.0
2018-04-18,1.31,1.31,1.05,1.2,33512,0.0
2018-04-19,1.08,1.205,1.05,1.12,11649,0.0
2018-04-20,0,1.12,0,1.01,2300,0.0
2018-04-23,1.07,1.07,1,1,4760,0.0
2018-04-24,0.9,0.9375,0.86,0.86,285,0.0
2018-04-25,0.85,0.86875,0.85,0.86,2761,0.0
2018-04-26,0.86,0.86,0.86,0.86,253,0.0
2018-04-27,0.86,0.88,0.86,0.88,12027,0.0
2018-04-30,0.88,0.9,0.88,0.88,39,0.0
2018-05-01,0.88,0.88,0.88,0.88,120,0.0
2018-05-02,0.99,0.99,0.88,0.88,2001,0.0
2018-05-03,0.9763,1,0.9763,1,3990,0.0
2018-05-04,0.88,1.03,0.88,1.03,1556,0.0
2018-05-07,1.02,1.03,0.92,1.02,1401,0.0
2018-05-08,0.88,1.01,0.88,1,1504,0.0
2018-05-09,1.02,1.02,1.02,1.02,15,0.0
2018-05-10,0.88,0.88,0.88,0.88,1,0.0
2018-05-11,0.9,0.9,0.9,0.9,317,0.0
2018-05-14,0.91,0.955,0.9,0.9,3299,0.0
2018-05-15,1,1,0.91,0.91,1919,0.0
2018-05-16,0.98,0.98,0.91,0.91,2295,0.0
2018-05-17,0.98,0.98,0.91,0.91,5600,0.0
2018-05-18,0.9,0.9,0.88,0.88,9626,0.0
2018-05-21,0.8801,0.89,0.86,0.86,3647,0.0
2018-05-22,0.86,0.86,0.86,0.86,103,0.0
2018-05-23,0,0.86,0,0.82,7382,0.0
2018-05-24,0.82,0.85,0.8,0.8,9204,0.0
2018-05-25,0.79,0.79,0.68,0.68,10446,0.0
2018-05-29,0.6,0.721,0.6,0.721,48,0.0
2018-05-30,0.72,0.8,0.72,0.78,5583,0.0
2018-05-31,0.65,0.75,0.65,0.73,8856,0.0
2018-06-01,0.73,0.7479,0.7,0.7479,3415,0.0
2018-06-04,0.75,0.75,0.6501,0.73,514,0.0
2018-06-05,0.7005,0.75,0.663,0.663,1563,0.0
2018-06-06,0.661,0.73,0.661,0.71,2003,0.0
2018-06-07,0.7,0.8325,0.7,0.8325,6101,0.0
2018-06-08,0.71,0.8066,0.71,0.8054,5106,0.0
2018-06-11,0.71,0.82,0.71,0.735,2270,0.0
2018-06-12,0.735,0.7494,0.735,0.7494,1173,0.0
2018-06-13,0.71,0.735,0.65,0.6501,16198,0.0
2018-06-14,0.7199,0.7199,0.65,0.65,4002,0.0
2018-06-15,0.65,0.7229,0.65,0.7229,497,0.0
2018-06-18,0.66,0.66,0.66,0.66,3,0.0
2018-06-19,0.66,0.8,0.66,0.8,3681,0.0
2018-06-20,0.73,0.88,0.7001,0.85,23505,0.0
2018-06-21,0.85,0.92,0.85,0.91,7460,0.0
2018-06-22,0.87,0.91,0.87,0.91,2015,0.0
2018-06-25,0.91,0.91,0.8,0.91,315,0.0
2018-06-26,0.91,0.91,0.8,0.83,515,0.0
2018-06-27,0.83,0.83,0.83,0.83,286,0.0
2018-06-28,0.84,0.93,0.8,0.93,15682,0.0
2018-06-29,0.93,0.955,0.625,0.625,52659,0.0
2018-07-02,0.72,0.72,0.52,0.59,7751,0.0
2018-07-03,0.65,0.71,0.63,0.63,19603,0.0
2018-07-05,0.66,0.7,0.65,0.65,8120,0.0
2018-07-06,0.63,0.7,0.63,0.66,12584,0.0
2018-07-09,0.69,0.7294,0.655,0.7,9142,0.0
2018-07-10,0.7,0.75,0.655,0.655,11286,0.0
2018-07-11,0.655,0.722,0.6001,0.65,15229,0.0
2018-07-12,0.65,0.65,0.55,0.575,5051,0.0
2018-07-13,0.575,0.62,0.575,0.5901,14911,0.0
2018-07-16,0.5901,0.6163,0.5901,0.5901,1742,0.0
2018-07-17,0.5901,0.62,0.5901,0.595,9301,0.0
2018-07-18,0.605,0.65,0.6,0.625,6699,0.0
2018-07-19,0.6,0.625,0.6,0.625,8469,0.0
2018-07-20,0.595,0.62,0.595,0.595,2536,0.0
2018-07-23,0.595,0.6213,0.595,0.595,583,0.0
2018-07-24,0.595,0.61,0.595,0.595,4213,0.0
2018-07-25,0.595,0.595,0.56,0.56,25915,0.0
2018-07-30,0.6,0.6,0.56,0.56,856,0.0
2018-08-01,0.6,0.6,0.6,0.6,5486,0.0
2018-08-06,0.5725,0.5725,0.57,0.57,1750,0.0
2018-08-07,0.57,0.57,0.515,0.549,4868,0.0
2018-08-08,0.51,0.5345,0.51,0.5345,2313,0.0
2018-08-09,0.555,0.565,0.555,0.565,9400,0.0
2018-08-10,0.58,0.61,0.58,0.61,3119,0.0
2018-08-13,0.65,0.65,0.58,0.58,1400,0.0
2018-08-14,0.58,0.58,0.52,0.52,2500,0.0
2018-08-15,0.625,0.64,0.625,0.64,10250,0.0
2018-08-16,0.662,0.6903,0.65,0.6902,9200,0.0
2018-08-17,0.64,0.6713,0.64,0.6712,814,0.0
2018-08-20,0.6713,0.6713,0.6712,0.6712,100,0.0
2018-08-21,0.68,0.68,0.64,0.64,1500,0.0
2018-08-23,0.651,0.653,0.625,0.625,8486,0.0
2018-08-24,0.64,0.65,0.64,0.64,2500,0.0
2018-08-27,0.625,0.6438,0.43,0.6,7435,0.0
2018-08-28,0.585,0.63,0.585,0.63,2950,0.0
2018-08-29,0.63,0.6331,0.451,0.5848,8554,0.0
2018-08-30,0.55,0.6818,0.55,0.6,28234,0.0
2018-08-31,0.7,0.8,0.55,0.585,11986,0.0
2018-09-04,0.5501,0.601,0.5501,0.601,1500,0.0
2018-09-05,0.6,0.6,0.56,0.56,1100,0.0
2018-09-06,0.5505,0.5505,0.5505,0.5505,500,0.0
2018-09-07,0.56,0.56,0.55,0.55,5369,0.0
2018-09-10,0.55,0.7,0.55,0.555,11857,0.0
2018-09-11,0.5999,0.5999,0.5999,0.5999,800,0.0
2018-09-12,0.45,0.7,0.45,0.65,43035,0.0
2018-09-13,0.6,0.6,0.6,0.6,240,0.0
2018-09-14,0.595,0.7,0.56,0.5834,20771,0.0
2018-09-17,0.5657,0.5999,0.5657,0.5999,2780,0.0
2018-09-18,0.5773,0.7,0.5772,0.695,11505,0.0
2018-09-19,0.5911,0.6,0.571,0.5711,7115,0.0
2018-09-20,0.5755,0.6353,0.5755,0.5755,2261,0.0
2018-09-21,0.577,0.577,0.54,0.5499,34961,0.0
2018-09-24,0.5499,0.55,0.5499,0.55,6100,0.0
2018-09-25,0.6,0.6,0.535,0.535,10800,0.0
2018-09-26,0.567,0.567,0.535,0.535,10456,0.0
2018-09-28,0.54,0.54,0.54,0.54,5000,0.0
2018-10-01,0.54,0.58,0.47,0.53,23922,0.0
2018-10-02,0.5668,0.579,0.4,0.53,113466,0.0
2018-12-10,18.9,19.4388,18,18.7577,4155179,0.0
2018-12-11,20.55,20.66,17.99,18.01,3377151,0.0
2018-12-12,18.55,19.48,18.02,18.75,2597460,0.0
2018-12-13,19.25,19.29,18.68,18.76,1616914,0.0
2018-12-14,18.75,18.8806,18.25,18.31,733696,0.0
2018-12-17,18.33,18.47,16.9,17,1489852,0.0
2018-12-18,17.1,17.25,16.25,16.9,1494066,0.0
2018-12-19,16.86,17.37,16,16.025,942887,0.0
2018-12-20,16,16.14,14.75,15.503,2365478,0.0
2018-12-21,15.4,15.5,13.95,14.435,2033655,0.0
2018-12-24,14.32,14.32,13.75,14.055,664980,0.0
2018-12-26,14.15,14.31,13.03,13.52,1824137,0.0
2018-12-27,13.49,14.95,13.27,14.6449,1774035,0.0
2018-12-28,14.72,14.85,13.8184,14.24,917146,0.0
2018-12-31,14.24,15.3,14.2129,15.16,964796,0.0
2019-01-02,14.93,15.3,14.51,15.29,2038570,0.0
2019-01-03,15.49,16.08,15.2,15.51,1557024,0.0
2019-01-04,16,17.5,15.8944,16.975,1630720,0.0
2019-01-07,17.54,17.94,16.18,16.35,1548625,0.0
2019-01-08,17.35,17.468,16.05,16.95,1809302,0.0
2019-01-09,17.2,17.25,16.15,16.27,1164248,0.0
2019-01-10,16.36,16.51,16,16.485,492197,0.0
2019-01-11,16.6,17.06,16.53,16.96,569778,0.0
2019-01-14,17,17.06,16.72,16.74,608374,0.0
2019-01-15,17,17,16.41,16.61,459703,0.0
2019-01-16,16.8,16.95,16.26,16.28,215781,0.0
2019-01-17,16.05,16.53,16.05,16.3168,263872,0.0
2019-01-18,16.46,16.8,16.25,16.76,481831,0.0
2019-01-22,16.62,16.6345,15.35,15.5601,630165,0.0
2019-01-23,15.82,15.92,14.76,14.82,622853,0.0
2019-01-24,14.9,15.195,14.65,14.65,419534,0.0
2019-01-25,14.8,14.86,14.4,14.84,894903,0.0
2019-01-28,14.84,14.84,14.45,14.46,542322,0.0
2019-01-29,14.46,14.875,14.45,14.63,583075,0.0
2019-01-30,14.72,15.545,14.65,15.12,640176,0.0
2019-01-31,15.24,17.48,15.24,16.59,2220236,0.0
2019-02-01,16.8,17.0075,15.9,16.24,609970,0.0
2019-02-04,16.22,16.49,15.95,16.26,279552,0.0
2019-02-05,16.29,17.49,16.2075,17.21,620080,0.0
2019-02-06,17.25,18.39,17.1101,18.16,977815,0.0
2019-02-07,17.95,18.0679,17.06,17.0673,510261,0.0
2019-02-08,17.1,18.15,17.1,17.95,670726,0.0
2019-02-11,17.99,18.6462,17.7507,18.13,537650,0.0
2019-02-12,18.21,18.76,17.6,18.6544,712716,0.0
2019-02-13,18.99,19.22,18.3,18.485,1276388,0.0
2019-02-14,18.64,19.96,18.63,19.66,1066387,0.0
2019-02-15,19.94,21.425,0,21.42,2019761,0.0
2019-02-19,21.51,21.513,20.05,20.82,1197789,0.0
2019-02-20,21.12,21.2399,19.13,19.89,1145570,0.0
2019-02-21,19.74,19.98,18.88,19.38,805619,0.0
2019-02-22,19.35,20.04,19.35,19.87,552887,0.0
2019-02-25,20.54,22.3,19.83,21.64,1913025,0.0
2019-02-26,21.6,24.4,21.56,23.68,2504868,0.0
2019-02-27,23.37,23.83,21.53,22.1,1532765,0.0
2019-02-28,22.45,23.03,22.05,22.53,508464,0.0
2019-03-01,23.09,23.39,21.64,22.31,861673,0.0
2019-03-04,22.47,22.8,20.52,21.16,1109718,0.0
2019-03-05,21.18,21.49,20.29,21.38,1053890,0.0
2019-03-06,21.4,22.05,20.0604,20.63,1022280,0.0
2019-03-07,20.42,21.155,19.6115,20.58,995894,0.0
2019-03-08,20.37,21.08,19.9,20.93,614725,0.0
2019-03-11,20.99,20.99,19.97,20.4,652861,0.0
2019-03-12,20.52,20.89,19.12,19.2253,1336781,0.0
2019-03-13,19.3,20.255,19.23,19.97,732499,0.0
2019-03-14,19.92,21,19.92,20.82,868530,0.0
2019-03-15,21.775,22.19,21.5,21.83,937107,0.0
2019-03-18,21.74,22.22,21.22,22.15,943142,0.0
2019-03-19,22.47,22.6,20.18,20.3,949034,0.0
2019-03-20,20.41,20.98,19.9,20.04,799655,0.0
2019-03-21,20,20.25,19.21,19.33,831973,0.0
2019-03-22,19.38,19.7,18.75,19,480806,0.0
2019-03-25,19,19.59,18.21,19.41,622492,0.0
2019-03-26,19.61,19.94,19.24,19.91,361822,0.0
2019-03-27,20.08,20.08,18.89,19.26,537035,0.0
2019-03-28,19.3,19.7398,19.0001,19.705,402148,0.0
2019-03-29,19.87,20.8,19.47,20.32,615980,0.0
2019-04-01,20.54,20.915,20.04,20.58,280667,0.0
2019-04-02,20.68,20.68,19.54,19.68,564789,0.0
2019-04-03,19.92,21.67,19.81,21.29,936807,0.0
2019-04-04,21.12,23.18,21.04,23.08,1727274,0.0
2019-04-05,23.8,26.23,22.6648,26.05,2017803,0.0
2019-04-08,25.9,29.79,25.6,27.24,2595301,0.0
2019-04-09,27.3,28.4,26.3105,26.82,1020086,0.0
2019-04-10,26.9,27.74,26.5,26.8,612547,0.0
2019-04-11,26.82,26.9899,24.26,25.64,985714,0.0
2019-04-12,26,26.0512,24.27,24.57,686759,0.0
2019-04-15,24.99,25.94,24.62,25.85,559492,0.0
2019-04-16,26,26.22,23.65,23.82,917849,0.0
2019-04-17,24,24.12,22.3135,23.55,904459,0.0
2019-04-18,23.47,23.55,22.43,22.53,699753,0.0
2019-04-22,22.7,23.99,22.5105,23.625,476144,0.0
2019-04-23,23.73,24.9833,23.73,24.74,602410,0.0
2019-04-24,24.8,25.76,24.29,25.75,656972,0.0
2019-04-25,25.76,26.72,25.43,25.74,587903,0.0
2019-04-26,25.83,27.3,25.69,26.17,585799,0.0
2019-04-29,26.28,27.2,24.9708,25.15,1031992,0.0
2019-04-30,25.28,26.03,25,26.03,529436,0.0
2019-05-01,26.31,27.09,25.87,26.39,1109725,0.0
2019-05-02,26.33,28.4897,26.19,28.33,1063452,0.0
2019-05-03,28.89,28.95,26.85,27.209,829010,0.0
2019-05-06,26.38,27.81,26.25,27.1,652850,0.0
2019-05-07,27.18,27.2555,24.16,24.56,1034905,0.0
2019-05-08,23.7,26,23.53,23.53,1011418,0.0
2019-05-09,23.5,24,22.75,23.31,513823,0.0
2019-05-10,23.04,24.93,22.8,24.87,531260,0.0
2019-05-13,24.46,24.77,23.225,24.45,474907,0.0
2019-05-14,24.5,24.8899,23.57,23.59,468526,0.0
2019-05-15,23.46,23.84,22.81,23.01,736219,0.0
2019-05-16,23.5,24.05,23.15,23.49,531694,0.0
2019-05-17,23.31,23.4291,21.68,23.02,1264922,0.0
2019-05-20,22.85,23.6,22.55,22.6,549658,0.0
2019-05-21,22.65,23.16,22.43,22.71,471239,0.0
2019-05-22,22.65,22.7677,21.93,21.95,511272,0.0
2019-05-23,21.75,21.94,21.01,21.38,625643,0.0
2019-05-24,21.56,22,21.41,21.81,533684,0.0
2019-05-28,22.3,22.46,21.44,21.54,445658,0.0
2019-05-29,21.71,21.898,21.16,21.77,361644,0.0
2019-05-30,21.84,21.9,21.05,21.56,356004,0.0
2019-05-31,21.16,21.38,20.74,20.74,419877,0.0
2019-06-03,20.79,20.99,18.82,19.94,1014589,0.0
2019-06-04,19.76,20.74,19.23,19.5,1090058,0.0
2019-06-05,19.2,19.25,17.2,17.7,3921369,0.0
2019-06-06,17.83,18.921,17.61,17.94,6006845,0.0
2019-06-07,17.71,18.4,17.3,17.52,1863921,0.0
2019-06-10,17.85,17.99,15.67,15.68,2498230,0.0
2019-06-11,16.09,16.88,15.75,16.09,5371398,0.0
2019-06-12,16.11,16.36,15.62,16.3,2041291,0.0
2019-06-13,16.42,17.59,16.05,16.12,3117109,0.0
2019-06-14,16.25,16.675,15.32,15.4,4001909,0.0
2019-06-17,15.54,15.85,15.28,15.76,1198239,0.0
2019-06-18,15.9,16.19,15.5784,15.73,1062691,0.0
2019-06-19,15.75,16.3025,15.37,15.49,2792457,0.0
2019-06-20,15.85,15.935,14.86,15.17,1588464,0.0
2019-06-21,15.2,15.32,14.5,14.78,1830611,0.0
2019-06-24,14.41,14.6906,14.02,14.04,1341208,0.0
2019-06-25,14.11,14.2499,13.65,13.79,1898144,0.0
2019-06-26,13.92,14.18,13.65,13.69,1110059,0.0
2019-06-27,13.5,14.405,13.5,14.34,1688057,0.0
2019-06-28,14.45,14.64,14.11,14.61,1335251,0.0
2019-07-01,14.86,15.08,14.47,14.73,1106573,0.0
2019-07-02,14.71,14.71,14,14.4,1179379,0.0
2019-07-03,14.5,15.33,14.4,15.31,906454,0.0
2019-07-05,15.47,15.47,14.83,14.96,953830,0.0
2019-07-08,14.89,14.9,14.14,14.29,919703,0.0
2019-07-09,14.31,14.85,14.15,14.84,722221,0.0
2019-07-10,14.94,15.22,14.05,14.5,1737933,0.0
2019-07-11,14.56,14.7,14.12,14.4,1105942,0.0
2019-07-12,14.27,14.48,14.06,14.2,1050749,0.0
2019-07-15,14.28,14.46,14,14.31,702589,0.0
2019-07-16,14.32,14.475,14,14.135,1088057,0.0
2019-07-17,14.17,14.59,14,14.05,1162864,0.0
2019-07-18,14.09,14.28,13.9,14.28,730424,0.0
2019-07-19,14.29,14.4,14.01,14.09,987183,0.0
2019-07-22,14.22,14.32,13.91,14.05,999511,0.0
2019-07-23,14.06,14.13,13.12,13.59,1901464,0.0
2019-07-24,13.75,14.52,13.473,14.46,1122140,0.0
2019-07-25,14.51,14.65,13.5,13.5,865635,0.0
2019-07-26,13.59,14.18,13.36,14.11,655849,0.0
2019-07-29,14.17,14.33,13.56,13.69,704966,0.0
2019-07-30,13.61,13.76,13.29,13.4,849597,0.0
2019-07-31,13.42,13.51,13.04,13.1,1031226,0.0
2019-08-01,13.2,13.4,12.71,13.01,1466733,0.0
2019-08-02,13,13.0368,12.4,12.74,979079,0.0
2019-08-05,12.55,12.69,12.2,12.28,993426,0.0
2019-08-06,12.5,12.8675,11.9,12.28,1962815,0.0
2019-08-07,12.26,14.5,11.54,12.87,2859061,0.0
2019-08-08,12.91,13.3,12.3,13.21,1451636,0.0
2019-08-09,13.1,13.55,12.97,13.33,688360,0.0
2019-08-12,13.42,13.68,12.984,13.01,767928,0.0
2019-08-13,13,13.395,12.76,13.32,539276,0.0
2019-08-14,13.08,13.22,12.5,12.73,1302759,0.0
2019-08-15,12.72,12.95,12.47,12.67,1136458,0.0
2019-08-16,12.85,13.24,12.79,13.17,1042907,0.0
2019-08-19,13.25,13.5,13.02,13.41,1773802,0.0
2019-08-20,13.87,14.65,13.6,14.18,3303022,0.0
2019-08-21,14.25,14.41,13.76,14.32,1362469,0.0
2019-08-22,14.37,14.43,14.04,14.16,991900,0.0
2019-08-23,14.08,14.36,13.83,13.89,1466404,0.0
2019-08-26,14.01,15.38,14,14.98,3067784,0.0
2019-08-27,15.17,15.5,14.12,14.51,2644641,0.0
2019-08-28,14.51,15.04,14.38,14.815,1425687,0.0
2019-08-29,14.91,15.2,14.61,15.18,1609810,0.0
2019-08-30,15.3,15.75,15.2,15.74,1534826,0.0
2019-09-03,16.1,16.5,14.35,14.88,2498602,0.0
2019-09-04,15.11,15.59,14.8,15.42,1487004,0.0
2019-09-05,15.65,16.13,15.02,15.53,1337619,0.0
2019-09-06,15.56,16.18,15.14,15.91,1983479,0.0
2019-09-09,15.98,16.23,15.36,16.045,2272405,0.0
2019-09-10,16.06,17.34,15.97,17.11,2993274,0.0
2019-09-11,17.34,17.59,15.89,15.91,3337034,0.0
2019-09-12,16.23,18.46,16.2,16.4,7974636,0.0
2019-09-13,16.45,17.04,16.06,16.73,3097204,0.0
2019-09-16,16.73,17.31,16.69,17.07,2993167,0.0
2019-09-17,17.46,17.95,17.19,17.66,4576885,0.0
2019-09-18,17.77,18,17.35,17.74,3147141,0.0
2019-09-19,17.71,18.42,17.6527,17.89,3579615,0.0
2019-09-20,18.14,18.39,17.75,18.05,5570334,0.0
2019-09-23,18.24,18.48,17.56,17.81,2744611,0.0
2019-09-24,17.83,17.99,17.25,17.76,3044972,0.0
2019-09-25,17.71,17.71,17.1,17.18,2636538,0.0
2019-09-26,17.41,17.51,16.1447,16.32,4100044,0.0
2019-09-27,16.29,16.54,15.675,15.9,2251383,0.0
2019-09-30,15.79,16.27,15.67,15.905,1410409,0.0
2019-10-01,15.87,16.06,14.8,14.8,1475509,0.0
2019-10-02,14.78,15.01,14.42,14.85,1626054,0.0
2019-10-03,15.24,15.24,14.41,15.08,1392218,0.0
2019-10-04,15.05,15.57,14.89,15.48,1812677,0.0
2019-10-07,15.45,15.63,15.07,15.48,2660670,0.0
2019-10-08,15.36,15.48,15.01,15.32,2335578,0.0
2019-10-09,15.33,15.55,14.18,14.19,4651340,0.0
2019-10-10,14.13,14.41,13.87,14.16,2570671,0.0
2019-10-11,14.24,14.7,13.99,14.06,1800610,0.0
2019-10-14,14.19,14.2001,13.67,13.93,1826902,0.0
2019-10-15,13.93,14.45,13.53,14.32,2192010,0.0
2019-10-16,14.27,14.32,14.02,14.15,1778131,0.0
2019-10-17,14.23,14.72,14.15,14.53,2276575,0.0
2019-10-18,14.5,14.85,14.07,14.81,3139914,0.0
2019-10-21,15.03,15.59,14.94,15.5,831978,0.0
2019-10-22,15.56,16.09,15.55,15.91,557869,0.0
2019-10-23,16.16,17.01,16.09,16.84,1424642,0.0
2019-10-24,16.92,17.026,16.05,16.56,1071009,0.0
2019-10-25,16.73,17.1,16.4301,16.99,712026,0.0
2019-10-28,17.01,17.15,16.8094,17.04,623668,0.0
2019-10-29,16.96,17.155,16.66,17,725856,0.0
2019-10-30,16.95,17.24,16.52,17.1,910128,0.0
2019-10-31,17.03,17.15,16.49,16.72,833060,0.0
2019-11-01,16.8,16.894,15.52,15.63,1533289,0.0
2019-11-04,15.9,16.8,15.83,16.79,1283735,0.0
2019-11-05,16.94,17.72,16.71,16.89,1710483,0.0
2019-11-06,16.83,17.49,16.05,16.13,1532708,0.0
2019-11-07,16.33,17.6084,16.2801,17.4901,1994519,0.0
2019-11-08,17.25,17.5,17.11,17.47,964059,0.0
2019-11-11,17.33,17.52,17.2,17.38,928735,0.0
2019-11-12,17.34,18.1,17.3025,17.99,1943349,0.0
2019-11-13,18,18.5,17.71,18.28,1981751,0.0
2019-11-14,18.16,18.5,17.91,18.35,1510606,0.0
2019-11-15,18.39,19.43,18.35,19.37,1848613,0.0
2019-11-18,19.21,19.45,18.67,19.45,898942,0.0
2019-11-19,19.27,19.87,19.0824,19.41,1112584,0.0
2019-11-20,19.38,20.4,19.35,20.17,2149734,0.0
2019-11-21,19.98,20.32,19.69,20.2,1189787,0.0
2019-11-22,20.07,20.73,19.86,20.7,1416776,0.0
2019-11-25,20.9,21,19.95,19.99,1900509,0.0
2019-11-26,20,20.65,19.82,20.29,1503335,0.0
2019-11-27,20.28,20.7,19.99,20.36,1533901,0.0
2019-11-29,20.6,20.93,20.28,20.33,1175316,0.0
2019-12-02,20.3,20.54,19.6,19.77,1157298,0.0
2019-12-03,19.48,21.37,19.41,21.2537,1775039,0.0
2019-12-04,21,21.47,20.9325,21.26,1264527,0.0
2019-12-05,21.49,21.5,20.57,20.63,1063555,0.0
2019-12-06,20.78,21.04,18.82,18.93,3482779,0.0
2019-12-09,19.07,19.3,18.67,18.82,2524618,0.0
2019-12-10,18.78,19.09,18.58,18.87,1597539,0.0
2019-12-11,19.03,19.11,18.53,18.64,1187394,0.0
2019-12-12,18.56,19.045,18.32,18.45,1290666,0.0
2019-12-13,18.47,18.72,18.32,18.6,1250824,0.0
2019-12-16,18.6,18.97,18.22,18.5,1611074,0.0
2019-12-17,18.54,18.7,18.31,18.43,1510216,0.0
2019-12-18,18.48,19,18.48,18.59,1226864,0.0
2019-12-19,18.58,19.67,18.5,19.41,2051490,0.0
2019-12-20,19.4,20,19.05,19.77,3324292,0.0
2019-12-23,19.79,19.85,19.34,19.71,1269721,0.0
2019-12-24,19.69,19.79,19.35,19.73,452844,0.0
2019-12-26,19.82,20.11,19.66,19.86,686358,0.0
2019-12-27,19.99,20,19.25,19.52,963561,0.0
2019-12-30,19.54,19.94,18.94,19.05,1084490,0.0
2019-12-31,18.96,19.64,18.96,19.56,985483,0.0
2020-01-02,19.57,19.81,18.88,19.23,1095636,0.0
2020-01-03,19.02,19.36,18.72,18.89,895895,0.0
2020-01-06,18.7,18.76,18.01,18.12,1226236,0.0
2020-01-07,18.15,18.205,17.68,17.81,1253549,0.0
2020-01-08,17.99,18.08,17.76,17.96,858709,0.0
2020-01-09,18,18.55,17.9,18.403,1082330,0.0
2020-01-10,21,21,19.05,19.12,4303154,0.0
2020-01-13,19.26,20.36,18.6,20.26,1943522,0.0
2020-01-14,20.45,20.4979,19.55,19.99,1261908,0.0
2020-01-15,19.94,20.58,19.94,20.24,1545503,0.0
2020-01-16,21.68,21.87,20.77,21.01,4633333,0.0
2020-01-17,21.5,21.5,20.55,20.65,3180222,0.0
2020-01-21,20.79,21.49,20.645,20.94,4002059,0.0
2020-01-22,22.08,23.2,21.7,21.97,18821059,0.0
2020-01-23,22.17,22.65,21.4,21.48,6809082,0.0
2020-01-24,21.6,21.8793,20.9,21.11,4771054,0.0
2020-01-27,22.1,23.12,21.12,22.71,9154806,0.0
2020-01-28,23.5,23.5,21.8501,22.35,5179109,0.0
2020-01-29,22.23,22.34,20.45,20.53,4238014,0.0
2020-01-30,21.05,21.74,20.8,20.98,2613868,0.0
2020-01-31,21.14,21.32,20.05,20.52,2661333,0.0
2020-02-03,20.66,21.06,19.7,20.38,2951811,0.0
2020-02-04,20.09,20.88,19.75,20.87,1594769,0.0
2020-02-05,20.99,21.2,19.67,20.04,2435015,0.0
2020-02-06,20.27,20.32,19.7,19.88,1733849,0.0
2020-02-07,19.79,23.39,19.79,23.23,9782640,0.0
2020-02-10,23.5,23.95,22.3832,23.63,8678779,0.0
2020-02-11,22.09,22.74,21.28,21.35,6092938,0.0
2020-02-12,19.64,19.67,18.5,19.01,17311197,0.0
2020-02-13,19.36,19.8,18.89,19.04,6647867,0.0
2020-02-14,19.27,19.29,18.85,19,4201936,0.0
2020-02-18,19.14,19.35,18.57,18.915,3873718,0.0
2020-02-19,19.09,19.24,18.725,18.91,3072383,0.0
2020-02-20,18.86,19.17,18.42,18.539,3348185,0.0
2020-02-21,18.47,18.55,17.91,18.23,3163694,0.0
2020-02-24,19.23,19.28,18.3,18.56,5092562,0.0
2020-02-25,22.15,26.55,20.51,23.75,62081056,0.0
2020-02-26,29.05,29.98,27.08,29.16,71255338,0.0
2020-02-27,35.88,36,23.05,26.145,64241810,0.0
2020-02-28,23.38,25.95,22.015,25.95,22715144,0.0
2020-03-02,27,30.75,25.21,29.8701,31719851,0.0
2020-03-03,27.8035,28.6,26.6,27.91,16250812,0.0
2020-03-04,27.99,28.72,26.8,27.46,11251011,0.0
2020-03-05,27.49,28.95,26.535,28.0001,16622635,0.0
2020-03-06,27.98,29.8,27.67,29.61,20634051,0.0
2020-03-09,28.58,28.6999,24.16,24.28,12590420,0.0
2020-03-10,25.71,25.94,21.28,22.34,12797964,0.0
2020-03-11,22.54,25.7491,22.5235,23.6,29115718,0.0
2020-03-12,22.8997,24.28,21.9,22.24,10739908,0.0
2020-03-13,23,23.47,19.31,21.3,11120313,0.0
2020-03-16,23.76,27.8,22.22,26.44,73407408,0.0
2020-03-17,29.36,32.7,27.3148,28.16,43747734,0.0
2020-03-18,27.15,32.3,26.55,31.45,22609801,0.0
2020-03-19,32.78,34.98,25.19,28.27,73657178,0.0
2020-03-20,29.25,30.23,26.2,28.15,15195900,0.0
2020-03-23,28.71,29.81,26.25,26.53,10887773,0.0
2020-03-24,27.09,27.25,24.36,25.82,12131667,0.0
2020-03-25,25,27.98,24.79,27.13,9462594,0.0
2020-03-26,27.56,28.79,27.56,27.92,5408629,0.0
2020-03-27,28.37,31.09,27.95,30.05,12133891,0.0
2020-03-30,30.59,31.69,28.27,30.47,20759908,0.0
2020-03-31,30.6,30.98,29.2,29.95,5579300,0.0
2020-04-01,30.05,30.94,29.44,29.67,6802935,0.0
2020-04-02,30.6,33.39,29.84,33.195,15378888,0.0
2020-04-03,32.81,35.66,32.72,34.84,16500540,0.0
2020-04-06,34.91,35.185,33.33,34.63,21067296,0.0
2020-04-07,33.81,34.03,30.9801,31.995,19529282,0.0
2020-04-08,32.36,32.94,31.7501,32.4,4009009,0.0
2020-04-09,32.55,32.92,31.32,31.87,4532909,0.0
2020-04-13,32,32.98,31.71,32.89,10143644,0.0
2020-04-14,34,34.99,33.15,34.65,15240930,0.0
2020-04-15,34.64,38.45,33.72,37.25,46015188,0.0
2020-04-16,38.0735,41.55,36.62,40.6,74328269,0.0
2020-04-17,48.99,49,43.38,46.85,91293307,0.0
2020-04-20,45,54.95,44.51,51.68,99801547,0.0
2020-04-21,53,56.38,43.11,49.225,155425399,0.0
2020-04-22,50.61,51.82,49.06,51.09,32442076,0.0
2020-04-23,49.1,50.7,46.89,47.44,58489632,0.0
2020-04-24,47.15,50.5,47.1416,50.5,33105730,0.0
2020-04-27,51.53,51.7,47.3,48.05,24555660,0.0
2020-04-28,50.4,50.45,47.17,47.8,12085401,0.0
2020-04-29,46.6,46.9497,45.01,46.36,10705136,0.0
2020-04-30,46.78,48.37,45.82,45.94,14693036,0.0
2020-05-01,48.71,50.45,46.29,47.93,20448475,0.0
2020-05-04,48.05,50.5,48,50.5,20162296,0.0
2020-05-05,50.48,50.96,47.23,49.33,10770778,0.0
2020-05-06,48.45,49.25,47.5201,48.95,12674670,0.0
2020-05-07,55.78,55.99,51.06,53.19,52262354,0.0
2020-05-08,53.06,59.88,52.15,59.25,23443480,0.0
2020-05-11,59.6,67.67,59.1401,66.92,67449525,0.0
2020-05-12,65.99,68.49,62.02,62.27,23697051,0.0
2020-05-13,63.8003,66.97,60.29,65.1562,42529366,0.0
2020-05-14,64.79,65.39,61.44,64.55,23497222,0.0
2020-05-15,63.79,67.67,63.01,66.66,31841774,0.0
2020-05-18,86.14,87,75.66,80,70840840,0.0
2020-05-19,78.07,79.75,70.32,71.6,57563454,0.0
2020-05-20,70.01,74.48,67.41,73.47,94103270,0.0
2020-05-21,73.05,73.16,65.31,67.01,34436655,0.0
2020-05-22,69.93,70.6,67.14,68.99,26331139,0.0
2020-05-26,66.4,66.59,57.05,57.69,39011449,0.0
2020-05-27,51.2,53.34,46.1301,52.12,56382557,0.0
2020-05-28,53.5,59.11,53.35,55.55,62457684,0.0
2020-05-29,57.45,61.65,56.56,61.42,23696003,0.0
2020-06-01,62.76,63.9,60.51,62.18,20139458,0.0
2020-06-02,58.7,59.95,55.3553,59.85,41695366,0.0
2020-06-03,57.51,63.37,57.1,59.84,19999010,0.0
2020-06-04,61.61,61.93,58.52,60.39,24770096,0.0
2020-06-05,58.49,59.19,56.63,58.11,28056870,0.0
2020-06-08,58.3,59.38,56.72,59.08,20751956,0.0
2020-06-09,58.55,59.405,57.73,58.26,14300310,0.0
2020-06-10,58.8,60.72,58.6,60.07,10675501,0.0
2020-06-11,62.95,66.6867,58.77,60.22,59190390,0.0
2020-06-12,62.355,63.63,60.91,61.165,5528571,0.0
2020-06-15,65.9,66.98,63.424,66.57,18210514,0.0
2020-06-16,66.31,66.6,62.6,64.34,15788129,0.0
2020-06-17,63.6,65.88,62.58,63.32,10589049,0.0
2020-06-18,63.03,65.4,62.58,64.94,16831564,0.0
2020-06-19,64.99,66.45,64.01,66.38,17668790,0.0
2020-06-22,65.92,66.29,62.12,64.785,11182622,0.0
2020-06-23,64.1,65.08,62.74,62.92,10006365,0.0
2020-06-24,63.23,66.1559,63.14,64.84,14107274,0.0
2020-06-25,67,67,58.51,62,26156406,0.0
2020-06-26,60.71,62.29,59.14,61.27,10230070,0.0
2020-06-29,61.82,63,59.4,62.1,7840255,0.0
2020-06-30,62.18,65.159,61.8,64.26,11430191,0.0
2020-07-01,63,63.73,59.12,61.5926,17692487,0.0
2020-07-02,60,61.8,55.8097,58.5699,26362042,0.0
2020-07-06,58.55,60.73,57.1,59.14,8730019,0.0
2020-07-07,58.8,61.5,57.44,61.09,8597733,0.0
2020-07-08,60.79,62.46,59.45,61.58,7396342,0.0
2020-07-09,62.09,65.35,58.88,64.92,20362095,0.0
2020-07-10,64.65,64.93,62.32,62.59,6792206,0.0
2020-07-13,63.89,77.7499,63.8,71.72,55882816,0.0
2020-07-14,74,76.9486,70.6201,75.04,27216851,0.0
2020-07-15,87.52,88.37,78.01,80.23,83755539,0.0
2020-07-16,80.1598,84.2899,79.6,81.73,25932627,0.0
2020-07-17,83.35,95.21,82.61,94.99,91935592,0.0
2020-07-20,87.86,90.85,78.05,82.65,71684448,0.0
2020-07-21,80.91,82.43,79.07,80.9,25252037,0.0
2020-07-22,79.61,84.12,79.11,83.23,26513753,0.0
2020-07-23,82.05,82.68,74.9,75.34,18508107,0.0
2020-07-24,69.05,73.9,66.54,73.21,26606475,0.0
2020-07-27,80.63,80.98,76.16,79.91,41630875,0.0
2020-07-28,81,83.85,79.5,81.49,31259095,0.0
2020-07-29,81.98,82.82,76.5502,79.51,24039626,0.0
2020-07-30,78,79.25,76.8,77.6,12537000,0.0
2020-07-31,78.2,78.44,73.6038,74.1,13781899,0.0
2020-08-03,74.98,77.99,73.03,77.9404,9791283,0.0
2020-08-04,78.192,78.62,75.5,78.49,9146510,0.0
2020-08-05,77.49,77.49,73.69,75.76,18674649,0.0
2020-08-06,75.79,76.25,73.12,73.76,11442419,0.0
2020-08-07,74.38,75.39,73.01,74.05,8418390,0.0
2020-08-10,73.2915,73.37,71.41,72.0282,7056852,0.0
2020-08-11,69.52,71.4,67,68.96,14240638,0.0
2020-08-12,75.67,75.75,68.3,69.52,47228871,0.0
2020-08-13,69.09,69.18,67.05,67.84,14410071,0.0
2020-08-14,68.06,70.36,67.86,69.15,12432549,0.0
2020-08-17,69.14,70.78,68.38,69.75,8435856,0.0
2020-08-18,68.28,69.7,65.23,67.085,11042068,0.0
2020-08-19,66.74,69.17,66.6,68,8257263,0.0
2020-08-20,67.79,68,66.63,67.84,6197491,0.0
2020-08-21,67.5,68.02,65.6,66.49,6729052,0.0
2020-08-24,67.15,67.85,62.88,64.88,12364492,0.0
2020-08-25,64.32,66.696,63.55,66.25,7418985,0.0
2020-08-26,67.62,71.64,66.03,70.5,28166750,0.0
2020-08-27,69.98,70.32,67.01,68.02,9003545,0.0
2020-08-28,68.04,68.95,67.15,67.434,6031559,0.0
2020-08-31,67.14,67.2,62.54,64.93,14438331,0.0
2020-09-01,63.54,64.5,62.5,63.31,7796327,0.0
2020-09-02,62.84,64.89,61.3805,64.72,9512057,0.0
2020-09-03,65.65,69.35,64.3,64.84,13733050,0.0
2020-09-04,64.99,65,59.01,62.6,11405487,0.0
2020-09-08,57.75,58.6,54.21,54.34,16676734,0.0
2020-09-09,56.03,57.19,54.51,56.86,8968701,0.0
2020-09-10,59.9,60.32,57.4,57.56,5985842,0.0
2020-09-11,58.49,59.51,57.45,59.34,4618728,0.0
2020-09-14,60.15,63.85,60.115,63.69,8337057,0.0
2020-09-15,65.0274,68.41,64.2293,66.85,8890010,0.0
2020-09-16,67.64,70.04,66.73,68.83,10271907,0.0
2020-09-17,68.5,70.9,64.6,67.93,11693774,0.0
2020-09-18,68.28,70,66.1,69.85,8740028,0.0
2020-09-21,68.6,69.48,65.46,69.39,7255098,0.0
2020-09-22,67.5,69.19,66.67,68.73,5374657,0.0
2020-09-23,67.865,68.62,65.77,67.2,6507292,0.0
2020-09-24,65.5,66.77,63.64,65.27,5366528,0.0
2020-09-25,65.8865,69.73,65.67,69.43,8935364,0.0
2020-09-28,69.65,71.5,69.1,70.63,6714174,0.0
2020-09-29,70.46,71.34,69.5851,70.51,4954785,0.0
2020-09-30,72.51,75.39,70.16,70.74,14253929,0.0
2020-10-01,69.51,70.2,68.16,70.03,6003918,0.0
2020-10-02,67.9,72.77,67.25,68.81,7364343,0.0
2020-10-05,69.57,72.02,69.05,71.87,5754785,0.0
2020-10-06,72,73.92,70.31,71.04,6665827,0.0
2020-10-07,71.23,73.24,70.959,72.33,3796356,0.0
2020-10-08,73.5,73.76,72.01,72.93,3745733,0.0
2020-10-09,73.4,73.67,72.39,73.11,4445842,0.0
2020-10-12,73.61,75.8514,72.92,75.31,7133740,0.0
2020-10-13,75.8055,81.37,75.52,78.28,13051829,0.0
2020-10-14,80.01,80.01,76.3252,76.57,5999519,0.0
2020-10-15,75.48,76.49,73.7101,75.55,4367111,0.0
2020-10-16,76.06,76.93,73.665,73.98,4389768,0.0
2020-10-19,73.97,74.09,70.5,71,5530798,0.0
2020-10-20,72.07,73.1,70.65,71.25,5006986,0.0
2020-10-21,71.57,71.5784,68.06,68.405,3908770,0.0
2020-10-22,68.5035,72.53,68.4,70.69,4836108,0.0
2020-10-23,72.3,72.3997,68.8,70.5,3387746,0.0
2020-10-26,70.36,71.32,68.7,70.27,3292242,0.0
2020-10-27,70.45,71.35,68.81,70.67,2960930,0.0
2020-10-28,68.95,69.47,65.4899,65.73,5508841,0.0
2020-10-29,68.35,74.539,66.23,71.2,13262684,0.0
2020-10-30,70.8,71.49,66.85,67.48,6434546,0.0
