Date,Open,High,Low,Close,Volume,OpenInterest
2016-11-09,38.73,39.705,38.5,39.51,1620091,0.0
2016-11-10,39.67,39.955,38.42,38.77,2394102,0.0
2016-11-11,38.85,39.13,38.64,38.94,2288822,0.0
2016-11-14,39,39.14,38.565,38.89,1870379,0.0
2016-11-15,38.9,39.47,38.83,39.41,1945992,0.0
2016-11-16,39.2,39.9,39.2,39.78,1464723,0.0
2016-11-17,39.63,39.91,39.45,39.74,1404644,0.0
2016-11-18,39.6,40.49,39.6,40.09,1835822,0.0
2016-11-21,39.96,40.39,39.74,40.34,1281580,0.0
2016-11-22,40.5,40.935,40.02,40.07,2442534,0.0
2016-11-23,40.12,40.3,39.85,39.95,1327628,0.0
2016-11-25,39.93,40.25,39.79,40.19,436292,0.0
2016-11-28,40.01,40.385,39.72,39.94,1342165,0.0
2016-11-29,39.5,39.92,39.251,39.75,1372473,0.0
2016-11-30,39.89,40.09,39.2,39.27,1374282,0.0
2016-12-01,39.19,39.84,37.6,37.77,2499455,0.0
2016-12-02,37.76,38.16,37.32,37.87,2354673,0.0
2016-12-05,38.07,38.37,37.885,38.24,1365310,0.0
2016-12-06,38.41,38.75,38.36,38.58,1248756,0.0
2016-12-07,38.57,39.53,38.445,39.37,1544810,0.0
2016-12-08,39.42,39.78,39.36,39.44,1003814,0.0
2016-12-09,39.54,39.83,39.08,39.15,1106394,0.0
2016-12-12,38.97,39.125,38.365,38.73,872845,0.0
2016-12-13,38.77,39.21,38.64,38.93,1255053,0.0
2016-12-14,39.01,39.24,38.55,38.64,1473430,0.0
2016-12-15,38.99,39.39,38.71,39.23,1364920,0.0
2016-12-16,39.25,39.32,38.68,38.83,1129162,0.0
2016-12-19,38.84,39.16,38.785,39.06,1148878,0.0
2016-12-20,39.07,39.36,38.99,39.25,1011648,0.0
2016-12-21,39.17,39.49,39.12,39.17,906741,0.0
2016-12-22,39.36,39.4,38.9,39.16,763681,0.0
2016-12-23,39.02,39.34,38.94,39.26,607211,0.0
2016-12-27,39.32,39.74,39.28,39.4,575205,0.0
2016-12-28,39.51,39.59,38.945,38.96,861453,0.0
2016-12-29,38.84,39.2,38.84,39.02,765943,0.0
2016-12-30,39.14,39.165,38.45,38.57,1253585,0.0
2017-01-03,38.7,39.08,38.325,38.61,1237951,0.0
2017-01-04,38.64,39.04,38.49,39.03,1506583,0.0
2017-01-05,39.09,39.14,38.35,38.44,1668909,0.0
2017-01-06,38.45,39.84,38.18,39.74,1972330,0.0
2017-01-09,39.74,40.71,39.58,40.65,2548613,0.0
2017-01-10,40.68,41.03,40.461,40.89,1982619,0.0
2017-01-11,40.84,40.86,40.52,40.71,1008477,0.0
2017-01-12,40.65,40.65,39.75,40.48,1826982,0.0
2017-01-13,40.56,41.83,40.4401,41.47,2713456,0.0
2017-01-17,41.28,41.3364,40.635,40.73,1170924,0.0
2017-01-18,40.76,41.3801,40.71,41.22,1848246,0.0
2017-01-19,41.18,41.45,40.44,40.58,2748077,0.0
2017-01-20,40.88,41.66,40.88,41.39,2852305,0.0
2017-01-23,41.22,41.52,41.07,41.39,1759341,0.0
2017-01-24,41.11,42.09,41.03,42.02,1924726,0.0
2017-01-25,42.3,42.65,41.89,42.23,3094110,0.0
2017-01-26,42.26,42.3,41.66,41.96,2251617,0.0
2017-01-27,44.66,45.27,44.25,44.705,6871583,0.0
2017-01-30,44.56,45.035,43.08,45.01,2889904,0.0
2017-01-31,44.86,44.86,44.2275,44.49,1968640,0.0
2017-02-01,44.72,44.98,44.29,44.76,1879740,0.0
2017-02-02,44.44,44.65,44.035,44.54,1430430,0.0
2017-02-03,44.72,44.74,44.445,44.66,1272287,0.0
2017-02-06,44.6,44.89,44.39,44.82,1210237,0.0
2017-02-07,44.89,45.54,44.8,45.46,2204221,0.0
2017-02-08,45.55,45.58,45.1,45.14,2368534,0.0
2017-02-09,45.06,45.455,44.78,44.88,1355816,0.0
2017-02-10,45.01,45.255,44.345,45.07,1603202,0.0
2017-02-13,45.22,45.43,44.925,45.02,1221371,0.0
2017-02-14,44.87,45.13,44.57,44.63,1024237,0.0
2017-02-15,44.76,45.03,44.4,44.99,1653778,0.0
2017-02-16,44.87,45.4,44.82,45.01,879647,0.0
2017-02-17,44.92,45.12,44.62,45.11,1172090,0.0
2017-02-21,45.05,45.44,45.04,45.37,1006500,0.0
2017-02-22,45.18,45.46,45.085,45.35,996572,0.0
2017-02-23,45.31,45.3825,44.71,44.86,1031352,0.0
2017-02-24,44.55,45.09,44.155,45.06,963480,0.0
2017-02-27,44.97,45.005,44.5,44.96,1302773,0.0
2017-02-28,44.72,44.72,44.2,44.3,980910,0.0
2017-03-01,44.66,44.74,44.04,44.67,1485882,0.0
2017-03-02,44.62,44.68,44.09,44.18,1452032,0.0
2017-03-03,44.28,44.39,44.035,44.32,1549492,0.0
2017-03-06,44.19,44.74,43.95,44.64,1389083,0.0
2017-03-07,44.46,45.16,44.36,44.74,1453188,0.0
2017-03-08,44.73,45.04,44.615,44.85,1121481,0.0
2017-03-09,44.85,45.0523,44.545,44.82,1383641,0.0
2017-03-10,45.08,45.2,44.77,45,1284958,0.0
2017-03-13,45.06,45.84,44.94,45.77,1702332,0.0
2017-03-14,45.63,45.72,45.38,45.57,925706,0.0
2017-03-15,45.74,46.1,45.61,45.98,1802965,0.0
2017-03-16,46.09,46.14,45.24,45.36,1477819,0.0
2017-03-17,45.69,45.725,45.37,45.62,1707361,0.0
2017-03-20,45.63,46.22,45.515,45.8,1093197,0.0
2017-03-21,45.89,46.04,44.91,45,1173150,0.0
2017-03-22,45.1,45.63,44.67,45.58,730959,0.0
2017-03-23,45.48,45.6,45.14,45.14,987268,0.0
2017-03-24,45.71,45.97,45.2,45.23,1467802,0.0
2017-03-27,45.03,45.26,44.67,45.09,1122303,0.0
2017-03-28,45.05,45.21,44.87,44.92,1196178,0.0
2017-03-29,44.85,44.9,44.57,44.76,1437368,0.0
2017-03-30,44.8,45.12,44.73,44.925,803868,0.0
2017-03-31,45.08,45.12,44.72,44.95,1773291,0.0
2017-04-03,44.98,45.08,44.285,44.505,1137421,0.0
2017-04-04,44.28,44.57,44.24,44.52,1332241,0.0
2017-04-05,44.73,45.01,44.34,44.375,1321912,0.0
2017-04-06,44.37,44.56,44.17,44.49,1011235,0.0
2017-04-07,44.54,45.09,44.41,45.015,1724831,0.0
2017-04-10,44.96,45,44.52,44.67,934545,0.0
2017-04-11,44.39,44.61,43.5,44.32,1514772,0.0
2017-04-12,44.17,44.31,43.35,43.69,1136657,0.0
2017-04-13,43.69,44.18,43.4448,43.77,1011770,0.0
2017-04-17,43.91,44.2101,43.83,44.11,1141032,0.0
2017-04-18,43.86,44.55,43.69,44.42,1252212,0.0
2017-04-19,44.66,44.94,44.32,44.58,1410587,0.0
2017-04-20,44.8,45.7,44.74,45.45,2591067,0.0
2017-04-21,43.83,45.01,43.35,44.95,6966324,0.0
2017-04-24,45.39,45.54,44.635,44.74,2927186,0.0
2017-04-25,45.04,45.335,44.51,45.11,2680192,0.0
2017-04-26,45.12,45.35,44.71,44.72,1793576,0.0
2017-04-27,44.99,45.53,44.98,45.08,1558486,0.0
2017-04-28,45.12,45.12,43.775,44.13,2748456,0.0
2017-05-01,44.36,44.76,43.99,44.71,1224670,0.0
2017-05-02,44.63,45.16,44.42,45.08,1996539,0.0
2017-05-03,45.04,45.13,44.74,44.885,1451559,0.0
2017-05-04,44.95,45.45,44.93,45.39,1296677,0.0
2017-05-05,45.45,45.58,45.235,45.52,1375063,0.0
2017-05-08,45.51,45.885,45.51,45.68,1886781,0.0
2017-05-09,45.75,45.94,45.695,45.885,1404027,0.0
2017-05-10,46.09,46.41,45.965,46.12,1379849,0.0
2017-05-11,45.95,46.07,45.6,45.73,1162860,0.0
2017-05-12,45.71,46.21,45.57,46.01,1541162,0.0
2017-05-15,46.05,46.83,45.91,46.815,1394674,0.0
2017-05-16,46.79,47,46.59,46.94,1323337,0.0
2017-05-17,46.53,46.79,45.49,45.5,1517516,0.0
2017-05-18,45.47,46.61,45.34,46.45,1603247,0.0
2017-05-19,46.54,47.1479,46.54,46.85,2134757,0.0
2017-05-22,46.86,47.04,46.68,46.7,1605382,0.0
2017-05-23,46.7,46.94,46.41,46.83,895454,0.0
2017-05-24,46.88,47.22,46.51,47.18,1510073,0.0
2017-05-25,47.29,48,47.21,47.74,1638622,0.0
2017-05-26,47.65,47.87,47.285,47.69,1718328,0.0
2017-05-30,47.42,47.89,47.31,47.7,1421322,0.0
2017-05-31,47.92,48.18,47.6403,47.8,2117258,0.0
2017-06-01,47.93,48.12,47.6,48.11,1938977,0.0
2017-06-02,48.24,48.47,48.02,48.431,1944835,0.0
2017-06-05,48.32,48.74,48.25,48.51,1246959,0.0
2017-06-06,48.29,49.075,48.11,48.55,1884402,0.0
2017-06-07,48.78,49.23,48.7,49.02,1185887,0.0
2017-06-08,49.1,49.52,48.91,49.41,2479392,0.0
2017-06-09,49.5,49.7,46.42,47.08,2150830,0.0
2017-06-12,46.53,46.935,45.64,46.71,3124532,0.0
2017-06-13,47.14,47.3828,46.525,47.14,2001530,0.0
2017-06-14,47.28,47.73,46.57,47.03,1444396,0.0
2017-06-15,46.47,47.22,46.28,46.87,1327525,0.0
2017-06-16,46.75,46.895,46.09,46.25,2539180,0.0
2017-06-19,46.76,46.86,46.37,46.47,1947277,0.0
2017-06-20,46.52,46.52,45.32,45.64,2833286,0.0
2017-06-21,45.8,46.04,45.52,46.01,1378221,0.0
2017-06-22,46.04,46.154,45.48,45.76,1434461,0.0
2017-06-23,45.77,45.97,45.61,45.91,1370517,0.0
2017-06-26,46.08,46.26,45.42,45.78,1147024,0.0
2017-06-27,45.64,45.64,44.68,44.73,1257218,0.0
2017-06-28,45.02,45.19,44.62,45.05,1705583,0.0
2017-06-29,44.97,45.03,44.09,44.44,1788521,0.0
2017-06-30,44.83,45.11,44.35,44.87,1643544,0.0
2017-07-03,45.14,45.23,44.18,44.19,770016,0.0
2017-07-05,44.46,45.13,44.46,44.97,1559364,0.0
2017-07-06,44.65,45.31,44.455,44.94,1129780,0.0
2017-07-07,45.09,45.97,44.98,45.74,986984,0.0
2017-07-10,45.82,46.13,45.53,46.02,1194509,0.0
2017-07-11,45.97,46.39,45.84,46.17,1199922,0.0
2017-07-12,46.52,46.98,46.2368,46.7,1488961,0.0
2017-07-13,46.82,47.02,46.56,46.66,790717,0.0
2017-07-14,46.98,47.12,46.79,47.08,936443,0.0
2017-07-17,47.09,47.39,46.94,46.94,1306149,0.0
2017-07-18,46.83,47,46.72,46.93,754590,0.0
2017-07-19,47.46,47.48,46.94,47.11,1671750,0.0
2017-07-20,47.16,48.03,47.16,47.825,2433112,0.0
2017-07-21,45.63,46.4,43.98,45.11,6961148,0.0
2017-07-24,45,45.16,44.36,44.51,2063317,0.0
2017-07-25,44.46,44.87,44.2,44.63,2825803,0.0
2017-07-26,44.93,45.19,44.7,45.18,1747517,0.0
2017-07-27,45.3,45.725,45.11,45.58,2758542,0.0
2017-07-28,45.44,45.62,45.16,45.47,1483190,0.0
2017-07-31,45.58,45.795,45.3,45.46,1476019,0.0
2017-08-01,45.68,46.64,45.32,45.67,1644090,0.0
2017-08-02,45.89,46.07,45.23,45.54,2982098,0.0
2017-08-03,45.59,45.8,44.665,44.97,1815545,0.0
2017-08-04,45.07,45.39,44.57,44.7111,1770909,0.0
2017-08-07,44.95,45.8,44.95,45.8,1403131,0.0
2017-08-08,45.57,45.83,45.2288,45.28,1366790,0.0
2017-08-09,44.95,45.095,44.41,44.62,1956147,0.0
2017-08-10,44.34,44.52,43.85,43.9,1392876,0.0
2017-08-11,43.77,44.4,43.71,44.39,1221785,0.0
2017-08-14,44.73,45.65,44.65,45.44,1474462,0.0
2017-08-15,45.34,45.46,45.045,45.34,977062,0.0
2017-08-16,45.26,45.99,45.25,45.7,1151774,0.0
2017-08-17,45.52,45.5799,43.96,43.98,1716704,0.0
2017-08-18,44.22,44.33,43.7099,43.87,1731359,0.0
2017-08-21,43.89,43.98,43.425,43.72,891834,0.0
2017-08-22,44.08,44.47,43.88,44.38,1043618,0.0
2017-08-23,44.51,45.17,44.47,44.82,2510851,0.0
2017-08-24,45.13,45.86,44.865,45.68,2246852,0.0
2017-08-25,45.88,45.88,45.02,45.04,1177616,0.0
2017-08-28,45.09,45.39,44.86,45.16,710224,0.0
2017-08-29,44.54,44.9,44.4,44.76,1658857,0.0
2017-08-30,45.06,45.735,44.87,45.56,1506170,0.0
2017-08-31,45.82,46.76,45.7,46.65,1999109,0.0
2017-09-01,46.74,47.11,46.62,46.98,1803447,0.0
2017-09-05,46.75,47.08,46.32,46.44,2150043,0.0
2017-09-06,46.66,47.185,46.2,46.55,2054965,0.0
2017-09-07,46.69,46.69,46.01,46.355,1769976,0.0
2017-09-08,46.35,46.4,45.65,45.87,1422457,0.0
2017-09-11,46.29,46.7,46.05,46.51,839300,0.0
2017-09-12,46.72,46.87,46.38,46.64,922420,0.0
2017-09-13,46.65,47.01,46.4,46.83,928463,0.0
2017-09-14,46.77,47.117,46.59,46.79,821950,0.0
2017-09-15,46.93,47.34,46.82,47,1684267,0.0
2017-09-18,47.15,47.67,47.15,47.31,931950,0.0
2017-09-19,47.43,47.51,47.03,47.15,1389370,0.0
2017-09-20,47.2,47.2,45.795,46.44,1773077,0.0
2017-09-21,46.38,46.62,45.97,46.41,1511394,0.0
2017-09-22,46.17,47.05,46.05,46.93,885958,0.0
2017-09-25,46.63,46.83,46.35,46.71,1514633,0.0
2017-09-26,46.75,47.2,46.62,46.76,1227725,0.0
2017-09-27,47.2,47.63,47,47.38,1493301,0.0
2017-09-28,47.27,47.69,47.19,47.66,875221,0.0
2017-09-29,47.79,48.05,47.61,47.71,1347835,0.0
2017-10-02,47.76,48.12,47.68,47.92,1297010,0.0
2017-10-03,48.04,48.28,47.86,48.09,1057433,0.0
2017-10-04,48.13,48.42,47.935,48.42,747924,0.0
2017-10-05,48.59,48.7,48.15,48.465,928213,0.0
2017-10-06,48.41,48.75,48.27,48.55,908888,0.0
2017-10-09,48.6,48.9,48.59,48.81,609074,0.0
2017-10-10,48.94,49.07,48.64,48.97,711400,0.0
2017-10-11,48.83,49.21,48.77,49.16,1040545,0.0
2017-10-12,49.09,49.37,48.995,49.15,949685,0.0
2017-10-13,49.39,49.65,49.14,49.36,726277,0.0
2017-10-16,49.5,49.535,49.21,49.5,642552,0.0
2017-10-17,49.49,49.885,49.35,49.86,1011621,0.0
2017-10-18,49.92,50.03,49.54,49.86,1100964,0.0
2017-10-19,49.77,50.23,49.21,50.09,1837281,0.0
2017-10-20,52.85,53.1,51.305,52.09,3867861,0.0
2017-10-23,52.27,52.6,51.74,52,2739203,0.0
2017-10-24,51.99,52.425,51.89,52.36,1803584,0.0
2017-10-25,52.06,52.37,51.41,51.45,1799073,0.0
2017-10-26,51.83,52.2,51.48,52,1959810,0.0
2017-10-27,51.98,52.27,51.7,52.06,1845851,0.0
2017-10-30,52.07,52.47,52,52.35,1330139,0.0
2017-10-31,52.5,52.94,52.285,52.55,1114517,0.0
2017-11-01,52.9,52.96,52.07,52.33,1213199,0.0
2017-11-02,52.32,52.52,51.5,52.34,1465235,0.0
2017-11-03,52.41,53.46,52.05,53.46,1919190,0.0
2017-11-06,53.64,54.835,53.58,54.8,2641740,0.0
2017-11-07,54.63,54.81,54.07,54.7,1471717,0.0
2017-11-08,54.74,55.43,54.51,55.31,1166174,0.0
2017-11-09,55.03,55.04,53.24,53.8,1751688,0.0
2017-11-10,53.65,53.84,53.44,53.55,1323290,0.0
2017-11-13,53.21,53.66,53.09,53.46,906343,0.0
2017-11-14,53.25,53.81,53.19,53.655,1122441,0.0
2017-11-15,53.37,53.61,52.99,53.22,1588026,0.0
2017-11-16,53.28,53.76,53.19,53.535,1284573,0.0
2017-11-17,53.79,53.79,53.29,53.51,769407,0.0
2017-11-20,53.37,53.97,53.16,53.87,970680,0.0
2017-11-21,53.9,54.37,53.87,54.22,995996,0.0
2017-11-22,54.21,54.35,53.52,53.54,681365,0.0
2017-11-24,53.58,53.99,53.54,53.84,470655,0.0
2017-11-27,53.5,53.81,53.18,53.29,865699,0.0
2017-11-28,53.34,53.87,53.17,53.86,983216,0.0
2017-11-29,53.49,53.62,51.82,52.11,1515802,0.0
2017-11-30,52.5,52.99,52.13,52.32,1731446,0.0
2017-12-01,52.01,52.24,50.83,51.88,1244356,0.0
2017-12-04,52.2,52.33,51.13,51.43,1185318,0.0
2017-12-05,51.29,52.4638,51.155,51.63,959902,0.0
2017-12-06,51.46,52.01,51.23,51.5,994235,0.0
2017-12-07,51.42,52.29,51.36,52.15,958651,0.0
2017-12-08,52.53,52.74,51.755,51.88,1342779,0.0
2017-12-11,51.86,52.19,51.64,52.18,666490,0.0
2017-12-12,51.95,52.05,51.37,51.46,1242324,0.0
2017-12-13,51.69,51.88,51.08,51.19,1223321,0.0
2017-12-14,51.34,51.8,51.2,51.27,1005232,0.0
2017-12-15,51.6,52.57,51.25,52.46,1344098,0.0
2017-12-18,52.87,53.56,52.83,53.5,1844565,0.0
2017-12-19,53.44,53.75,53.03,53.17,826282,0.0
2017-12-20,53.65,53.88,52.93,53.391,1001367,0.0
2017-12-21,53.56,54.07,52.98,53.03,1230133,0.0
2017-12-22,53.02,53.285,52.71,53.14,486023,0.0
2017-12-26,52.86,52.89,52.44,52.71,402375,0.0
2017-12-27,52.75,52.89,52.3,52.43,1246162,0.0
2017-12-28,52.77,52.89,52.55,52.83,798938,0.0
2017-12-29,52.78,52.95,52.25,52.28,946222,0.0
2018-01-02,52.63,53,52.35,52.98,2167230,0.0
2018-01-03,53,53.76,52.92,53.68,2050568,0.0
2018-01-04,53.88,54.59,53.665,54.38,1481701,0.0
2018-01-05,54.47,54.59,53.14,53.25,2235752,0.0
2018-01-08,53.23,54.17,52.94,54.03,1349082,0.0
2018-01-09,54.07,54.37,53.79,53.82,1175591,0.0
2018-01-10,53.37,53.84,53.03,53.61,1137328,0.0
2018-01-11,53.78,54.7,53.63,54.59,1419172,0.0
2018-01-12,54.6,55.35,54.35,55.035,1265045,0.0
2018-01-16,55.34,55.38,54.07,54.32,1268372,0.0
2018-01-17,54.84,55.9,54.63,55.72,1468043,0.0
2018-01-18,55.68,56.5,55.37,55.8,1117216,0.0
2018-01-19,55.81,56.63,55.53,56.58,1914893,0.0
2018-01-22,56.53,57.43,56.23,57.39,1788652,0.0
2018-01-23,57.51,58.04,56.96,58.02,3185043,0.0
2018-01-24,57.11,57.45,56.295,56.35,4878967,0.0
2018-01-25,56.89,57.26,54.97,55.13,4334148,0.0
2018-01-26,57.5,59.1,55.76,59.01,5493848,0.0
2018-01-29,58.87,74.94,58.41,66.22,9249613,0.0
2018-01-30,61.48,63.68,60.88,61.76,6420483,0.0
2018-01-31,62.15,62.755,60.45,61.02,4423543,0.0
2018-02-01,60.12,62.075,60.026,61.15,1872262,0.0
2018-02-02,60.82,61.69,60,60.55,2410208,0.0
2018-02-05,59.75,61.34,58.47,58.51,2211489,0.0
2018-02-06,57.73,59.87,56.97,59.49,2234945,0.0
2018-02-07,58.77,59.3075,56.4,56.8,3050597,0.0
2018-02-08,56.85,57.57,55.21,55.6,3008219,0.0
2018-02-09,56.13,58.36,55.68,57.94,3476813,0.0
2018-02-12,58.24,59.34,58.13,58.76,1787548,0.0
2018-02-13,58.39,58.83,57.93,58.34,1012183,0.0
2018-02-14,57.99,59.34,57.87,59.14,1317728,0.0
2018-02-15,59.4,61.35,58.965,61.22,4225121,0.0
2018-02-16,60.82,61.57,60.49,61.27,1971330,0.0
2018-02-20,60.88,63.34,60.88,62.12,2490137,0.0
2018-02-21,62.37,62.89,61.71,61.74,1119550,0.0
2018-02-22,61.81,61.93,60.83,61.04,1700749,0.0
2018-02-23,61.68,62.03,60.53,62.01,2127623,0.0
2018-02-26,61.79,62.6,61.6,62.52,1150518,0.0
2018-02-27,62.38,62.96,61.55,62.15,1830580,0.0
2018-02-28,61.12,61.955,60.87,60.96,1388189,0.0
2018-03-01,61,61.41,59.95,60.9,2377310,0.0
2018-03-02,60.72,61.34,60.26,61.23,1184781,0.0
2018-03-05,61.02,62.3762,60.54,61.73,908537,0.0
2018-03-06,61.93,62.79,61.45,62.79,1199966,0.0
2018-03-07,62.45,63.39,61.83,62.81,970539,0.0
2018-03-08,63.08,63.08,61.9001,62.16,1046560,0.0
2018-03-09,62.74,63.73,62.57,63.46,1146314,0.0
2018-03-12,64,64.4,63.38,63.5,1448002,0.0
2018-03-13,63.87,64.08,62.12,62.19,2005362,0.0
2018-03-14,62.8,62.88,61.64,62.02,2572634,0.0
2018-03-15,61.86,62.81,61.77,62.37,1659912,0.0
2018-03-16,62.69,63.26,62.15,62.61,1570190,0.0
2018-03-19,62.01,62.2,60.44,61.35,1523204,0.0
2018-03-20,61.5,62.08,61.14,61.72,1245854,0.0
2018-03-21,61.62,62.19,61.19,61.42,1077364,0.0
2018-03-22,60.91,61.43,59.88,60.05,1206790,0.0
2018-03-23,60.18,60.39,58.81,58.82,1454015,0.0
2018-03-26,60.01,61.06,59.56,61.01,1631726,0.0
2018-03-27,61.5,61.98,59.09,59.42,2571287,0.0
2018-03-28,59.37,59.98,58.53,58.94,1675996,0.0
2018-03-29,59.52,60.42,58.8,60.22,1977346,0.0
2018-04-02,59.64,59.8093,56.89,57.4,3789012,0.0
2018-04-03,58.04,59.27,57.91,58.89,2216901,0.0
2018-04-04,57.56,59.36,57.56,59.2,1978385,0.0
2018-04-05,59.75,59.76,57.33,57.87,1958975,0.0
2018-04-06,57.33,58.32,56.7,56.8,2406553,0.0
2018-04-09,57.15,58.62,56.84,56.86,1678994,0.0
2018-04-10,57.96,58.67,57.31,57.97,1507250,0.0
2018-04-11,57.39,58.36,57.28,57.74,858892,0.0
2018-04-12,58.05,58.8105,57.88,58.59,1274677,0.0
2018-04-13,58.71,58.84,57.54,57.73,1016097,0.0
2018-04-16,57.73,58.4,57.53,58.1,1064968,0.0
2018-04-17,58.68,59.19,58.35,58.98,1359626,0.0
2018-04-18,58.63,59.115,58.27,58.57,1021456,0.0
2018-04-19,57.48,57.785,56.11,56.14,2568720,0.0
2018-04-20,55.91,56.135,54.18,54.39,3854993,0.0
2018-04-23,54.88,54.9,53.66,53.81,3385815,0.0
2018-04-24,54.37,54.63,53.49,53.79,3133405,0.0
2018-04-25,53.95,54.61,53.44,54.39,2916523,0.0
2018-04-26,54.89,55.57,54.49,55.26,3419575,0.0
2018-04-27,54.96,55.26,53.46,54.48,3143824,0.0
2018-04-30,54.69,55.13,53.79,54.5,3551226,0.0
2018-05-01,54.26,55.35,53.82,55.28,2093287,0.0
2018-05-02,55.27,55.28,54.49,54.81,2377925,0.0
2018-05-03,54.46,55.53,54.06,55.32,2007109,0.0
2018-05-04,54.94,56.1,54.4541,56,1574344,0.0
2018-05-07,56.32,56.62,56.09,56.42,1326992,0.0
2018-05-08,56.43,56.66,56,56.46,1222894,0.0
2018-05-09,56.45,57.4,56.18,57.34,1451245,0.0
2018-05-10,57.69,58,57.171,57.96,1178134,0.0
2018-05-11,57.95,58.31,57.4317,57.6,791661,0.0
2018-05-14,57.79,58.5,57.64,58.4,1144068,0.0
2018-05-15,58.06,58.38,57.53,57.76,1780967,0.0
2018-05-16,57.51,58.5793,57.51,58.485,1194806,0.0
2018-05-17,58.5,58.79,57.48,58.02,965196,0.0
2018-05-18,57.8,58.38,57.33,57.91,1093271,0.0
2018-05-21,58.3,58.95,57.4656,58.28,903525,0.0
2018-05-22,58.46,58.85,58.235,58.48,924566,0.0
2018-05-23,57.98,58.95,57.64,58.93,1061196,0.0
2018-05-24,58.95,59.18,58.22,58.84,2285004,0.0
2018-05-25,58.85,59.23,58.64,59.17,4818847,0.0
2018-05-29,58.78,59.68,58.65,58.86,2239404,0.0
2018-05-30,59.11,59.48,58.66,58.7,921685,0.0
2018-05-31,58.66,59.37,58.3,58.66,855773,0.0
2018-06-01,59.21,60.15,59.01,60.12,954656,0.0
2018-06-04,60.1,60.93,59.58,60.84,2274809,0.0
2018-06-05,61,61.5,60.43,61.35,1844000,0.0
2018-06-06,61.27,61.4,60.72,61.39,2362261,0.0
2018-06-07,61.39,62.36,60.73,61.14,1715047,0.0
2018-06-08,60.58,60.95,60.12,60.75,885558,0.0
2018-06-11,60.56,60.91,60.5,60.75,713178,0.0
2018-06-12,60.88,60.9856,60.11,60.85,1108727,0.0
2018-06-13,61,61.4713,60.28,60.56,1592174,0.0
2018-06-14,60.85,61.54,60.34,61.45,1078427,0.0
2018-06-15,61.38,61.65,60.22,61.56,1629034,0.0
2018-06-18,60.04,61.34,60.01,61.125,1080199,0.0
2018-06-19,60.06,60.53,59.63,60.35,1445290,0.0
2018-06-20,60.63,60.85,60.17,60.66,1104411,0.0
2018-06-21,60.8,60.99,59.5899,59.95,1210269,0.0
2018-06-22,60.5,60.5,59.55,60.39,1232921,0.0
2018-06-25,59.47,59.47,57.925,58.56,2304602,0.0
2018-06-26,58.57,59.53,58.36,59.44,1948910,0.0
2018-06-27,59.47,59.83,57.97,58,1529321,0.0
2018-06-28,57.79,58.58,57.63,58.27,1240299,0.0
2018-06-29,58.62,59.53,58.215,58.66,1254307,0.0
2018-07-02,58.01,59.14,57.74,59.13,952885,0.0
2018-07-03,59.45,59.48,57.72,57.75,761887,0.0
2018-07-05,58.27,60.15,58.17,60.14,1795885,0.0
2018-07-06,59.93,60.58,59.44,60.52,1148079,0.0
2018-07-09,60.99,60.99,60.08,60.66,822416,0.0
2018-07-10,60.7,61.47,59.6438,61.32,997103,0.0
2018-07-11,60.69,60.81,59.62,59.7,1033958,0.0
2018-07-12,60.07,61.24,59.7773,60.98,1581148,0.0
2018-07-13,61.2,61.21,60.37,60.66,1051469,0.0
2018-07-16,60.67,61.41,60.53,60.67,976022,0.0
2018-07-17,60.19,61.32,59.985,61.295,656371,0.0
2018-07-18,61.48,61.905,60.0135,61.82,656386,0.0
2018-07-19,61.56,61.89,60.98,61.46,1038163,0.0
2018-07-20,61.36,61.78,60.87,61.46,999062,0.0
2018-07-23,61.27,61.27,60.42,60.83,1206938,0.0
2018-07-24,61.2,61.36,59.23,59.33,2056576,0.0
2018-07-25,59.27,59.46,57.83,58.79,2669792,0.0
2018-07-26,58.81,59.53,58.67,58.97,2377145,0.0
2018-07-27,60.49,61.59,59.93,60.94,3248020,0.0
2018-07-30,60.99,61.46,60.65,61,2246547,0.0
2018-07-31,61.31,62.12,60.98,61.15,1782021,0.0
2018-08-01,61.3,61.68,60.67,60.72,1023016,0.0
2018-08-02,60.15,62.35,60.0235,62.23,1858913,0.0
2018-08-03,62.34,63.09,62.19,62.59,1058663,0.0
2018-08-06,62.31,62.98,62.25,62.95,681977,0.0
2018-08-07,63,63.42,62.77,63.36,1194356,0.0
2018-08-08,63.37,63.68,63.2,63.48,799209,0.0
2018-08-09,63.25,63.5,63.03,63.05,680214,0.0
2018-08-10,62.24,62.64,61.2,61.39,875462,0.0
2018-08-13,61.46,62.22,61.33,61.41,813795,0.0
2018-08-14,61.7,61.83,60.72,60.72,1453260,0.0
2018-08-15,60.22,60.58,59.69,60.46,1157558,0.0
2018-08-16,60.43,60.88,59.96,60.16,1296617,0.0
2018-08-17,59.7,60.25,59.02,60,1435013,0.0
2018-08-20,60.24,60.755,59.73,60.54,1451589,0.0
2018-08-21,60.75,61.97,60.67,61.77,1054835,0.0
2018-08-22,61.21,61.93,60.95,61.6,906225,0.0
2018-08-23,61.58,62.19,61.45,61.68,864843,0.0
2018-08-24,61.97,62.205,61.39,61.74,750090,0.0
2018-08-27,61.91,62.83,61.91,62.23,1185418,0.0
2018-08-28,62.55,62.9,61.73,62.26,993038,0.0
2018-08-29,61.81,62.49,61.81,62.29,814955,0.0
2018-08-30,61.99,62.16,60.0559,60.6,962596,0.0
2018-08-31,60.67,60.965,60.41,60.47,1547902,0.0
2018-09-04,60.17,60.93,59.94,60.86,1365334,0.0
2018-09-05,61.23,61.23,60.33,60.39,993057,0.0
2018-09-06,60.26,60.7,60.14,60.29,1082421,0.0
2018-09-07,59.91,60.4799,58.61,58.76,1451263,0.0
2018-09-10,59.21,59.4,58.7,59.24,988348,0.0
2018-09-11,59.01,60.57,58.975,60.03,2604680,0.0
2018-09-12,57.85,58.36,56.01,57.58,4792702,0.0
2018-09-13,58.12,58.52,57,57.72,3260456,0.0
2018-09-14,57.94,58.52,57.67,57.92,1267227,0.0
2018-09-17,57.72,58.05,57.23,57.26,1022047,0.0
2018-09-18,57.47,58.5623,57.47,58.31,1557577,0.0
2018-09-19,58.43,59,57.96,58.12,975651,0.0
2018-09-20,58.57,59.9725,58.23,59.58,1321014,0.0
2018-09-21,59.49,59.67,58.7705,59.51,1168217,0.0
2018-09-24,59.07,59.88,58.97,59.73,813016,0.0
2018-09-25,59.03,59.24,57.96,58.06,1315218,0.0
2018-09-26,58.15,58.4,56.5,56.52,2011358,0.0
2018-09-27,56.51,56.87,56.02,56.34,2235170,0.0
2018-09-28,56.34,56.7,55.97,56.39,1637130,0.0
2018-10-01,56.6,57,56.32,56.45,1191069,0.0
2018-10-02,56.45,57.68,56.25,56.62,1240333,0.0
2018-10-03,56.36,57.035,55.69,56.98,1791542,0.0
2018-10-04,56.68,56.68,55.18,55.71,2453064,0.0
2018-10-05,55.6,55.79,52.84,53.4,2575840,0.0
2018-10-08,53,53.2,52.16,52.57,1936663,0.0
2018-10-09,52.55,53.01,52.41,52.86,969511,0.0
2018-10-10,52.02,52.52,50.69,50.79,1858547,0.0
2018-10-11,50.74,52.7,50.64,51.52,2353244,0.0
2018-10-12,52.58,52.82,51.22,51.81,1373956,0.0
2018-10-15,51.74,52.21,51.3,51.3,1258761,0.0
2018-10-16,51.92,53.09,51.79,52.95,1357367,0.0
2018-10-17,53.36,53.36,52.27,52.87,1085615,0.0
2018-10-18,51.33,51.86,50.75,51.35,3572449,0.0
2018-10-19,51.6,52.5175,50.81,51.14,2188916,0.0
2018-10-22,51.43,51.8348,51.08,51.31,1180991,0.0
2018-10-23,50.05,51.39,49.21,51.06,2666586,0.0
2018-10-24,49.66,49.87,46.85,46.9,6020981,0.0
2018-10-25,47.55,48.9,47.55,48.12,3491658,0.0
2018-10-26,46.9,49.24,46.9,48.25,3170411,0.0
2018-10-29,49.16,49.71,47.95,48.61,2678989,0.0
2018-10-30,48.82,50.1,47.955,49.78,2623094,0.0
2018-10-31,50.74,52,49.24,50.03,4976058,0.0
2018-11-01,50.01,53.61,49.8,53.12,3889374,0.0
2018-11-02,53.7,53.7,51.27,51.9,3149385,0.0
2018-11-05,51.75,52.01,50.79,51.4,1957745,0.0
2018-11-06,51.33,52.33,51.3,51.69,1912233,0.0
2018-11-07,52.36,52.89,51.88,52.63,2215631,0.0
2018-11-08,52.18,53.505,52.02,53.24,1878812,0.0
2018-11-09,52.58,53.165,51.49,52.07,2388294,0.0
2018-11-12,51.15,51.68,50.8812,51.31,2094191,0.0
2018-11-13,51.67,52.68,51.37,51.44,2304314,0.0
2018-11-14,52.06,52.32,51.3,51.69,2161205,0.0
2018-11-15,51.39,53.46,51.08,53.44,2079499,0.0
2018-11-16,52.35,53.6,52.245,53.34,2288522,0.0
2018-11-19,53.2,53.58,51.97,52,2028366,0.0
2018-11-20,51.07,52.81,51.05,52.055,2155263,0.0
2018-11-21,52.78,53.44,52.24,52.49,1752453,0.0
2018-11-23,51.92,52.96,51.92,52.76,580066,0.0
2018-11-26,53.58,53.63,52.78,53.37,2092355,0.0
2018-11-27,55.79,56.46,54.98,55.6,10467949,0.0
2018-11-28,55.57,56.5,54.77,56.2,5150063,0.0
2018-11-29,56.19,56.3,55.195,55.35,5562760,0.0
2018-11-30,55.22,55.99,54.61,55.92,8980425,0.0
2018-12-03,56.97,57.24,56.08,57.1,3792765,0.0
2018-12-04,57.02,57.04,54.75,54.81,4927345,0.0
2018-12-06,53.53,54.73,53.5,54.48,4596607,0.0
2018-12-07,53.76,54.32,52.57,52.89,2653903,0.0
2018-12-10,52.92,53.49,52.4,53.32,2833340,0.0
2018-12-11,54.36,54.65,52.83,53.07,3002074,0.0
2018-12-12,54,54.57,53.31,54.19,2298178,0.0
2018-12-13,54.29,54.51,53.095,53.38,2103050,0.0
2018-12-14,53.12,53.79,52.77,52.78,2122104,0.0
2018-12-17,52.73,53.37,51.94,52.19,2340853,0.0
2018-12-18,52.42,53.03,51.9177,52.08,2335235,0.0
2018-12-19,52.06,52.09,49.28,49.39,3937748,0.0
2018-12-20,49.26,50.17,48.32,48.82,3162103,0.0
2018-12-21,49.69,50.28,48.13,48.23,3642975,0.0
2018-12-24,48.09,48.49,46.64,46.69,1551263,0.0
2018-12-26,47.09,49.355,46.76,49.34,2873355,0.0
2018-12-27,48.57,49.96,48.32,49.96,1904296,0.0
2018-12-28,50.06,51.03,49.77,50.08,1722096,0.0
2018-12-31,50.61,51.09,50.21,50.62,1362621,0.0
2019-01-02,49.67,51.28,49.65,50.765,1682695,0.0
2019-01-03,49.72,50.25,47.92,48.005,2409225,0.0
2019-01-04,48.05,50.1301,48.05,50,2071993,0.0
2019-01-07,49.83,51.19,49.31,50.605,1789593,0.0
2019-01-08,50.91,51.11,49.48,49.81,2333133,0.0
2019-01-09,50.35,51.45,50.295,51.14,1534198,0.0
2019-01-10,50.94,51.8,50.82,51.68,1152862,0.0
2019-01-11,51.39,53.175,51.25,52.83,1738723,0.0
2019-01-14,52.21,52.39,51.085,51.215,1924143,0.0
2019-01-15,51.47,52.0708,51.44,51.72,1304704,0.0
2019-01-16,51.68,52.59,51.175,52.11,1540442,0.0
2019-01-17,52.1,52.9,51.41,52.64,1409546,0.0
2019-01-18,53.14,53.75,52.5,53.45,1541202,0.0
2019-01-22,53.15,53.22,51.52,51.8,2369069,0.0
2019-01-23,52.09,52.48,51.37,52.025,2207782,0.0
2019-01-24,52.75,55.16,52.6159,54.56,2746038,0.0
2019-01-25,55.22,56.69,54.83,56.23,2076914,0.0
2019-01-28,54.56,55.89,54.42,55.685,2140362,0.0
2019-01-29,55.88,55.88,54.935,55.06,1945330,0.0
2019-01-30,54.35,55.2,52.45,54.395,4032526,0.0
2019-01-31,54.26,54.859,53.985,54.28,1949551,0.0
2019-02-01,54.56,55.26,54.245,54.6,2104463,0.0
2019-02-04,54.55,55.04,54.16,55.02,1334878,0.0
2019-02-05,55.14,55.49,54.59,55.18,1789398,0.0
2019-02-06,55.77,56.65,55.54,56.175,2233504,0.0
2019-02-07,55.69,55.98,54.46,54.855,1475847,0.0
2019-02-08,54.03,54.815,53.83,54.65,1653080,0.0
2019-02-11,54.82,55.09,54.42,54.64,754232,0.0
2019-02-12,55.43,55.76,55.28,55.62,985870,0.0
2019-02-13,55.84,55.94,55.35,55.475,770668,0.0
2019-02-14,55.37,55.92,54.951,55.845,979674,0.0
2019-02-15,56.25,56.5,55.65,55.8512,1440665,0.0
2019-02-19,55.48,55.8,55.48,55.515,1255110,0.0
2019-02-20,55.69,56.23,55.67,55.93,916860,0.0
2019-02-21,55.85,55.97,55.13,55.26,1244321,0.0
2019-02-22,55.93,56.05,55.51,55.9,1052076,0.0
2019-02-25,56.47,56.68,56.26,56.48,1155712,0.0
2019-02-26,56.32,56.51,55.6,55.64,1065492,0.0
2019-02-27,54.82,54.89,53.82,54.16,1431468,0.0
2019-02-28,53.92,54.52,53.86,54.43,1677708,0.0
2019-03-01,54.96,55.25,54.32,55.02,1589588,0.0
2019-03-04,55.57,55.66,54.5,55.37,1537461,0.0
2019-03-05,55.36,55.64,54.1026,54.69,2486774,0.0
2019-03-06,54.61,54.7,53.56,53.61,2047345,0.0
2019-03-07,53.38,53.5666,52.3,52.36,2128970,0.0
2019-03-08,51.63,52.02,51.37,51.95,2563579,0.0
2019-03-11,52.34,53.5,52.07,53.34,1625682,0.0
2019-03-12,53.36,53.4,52.59,53.13,2396223,0.0
2019-03-13,53.42,53.4889,52.54,52.93,3079441,0.0
2019-03-14,53.01,53.1,52.57,52.88,1687484,0.0
2019-03-15,54.01,54.24,53.75,54.1,2062958,0.0
2019-03-18,53.98,54.53,53.6,53.96,1761011,0.0
2019-03-19,54.21,54.57,54.06,54.26,1409504,0.0
2019-03-20,54.17,54.33,53.34,53.86,1056224,0.0
2019-03-21,53.98,55.52,53.79,55.27,1362526,0.0
2019-03-22,55.02,55.35,54.18,54.22,1065086,0.0
2019-03-25,54.03,54.36,53.15,53.86,1533346,0.0
2019-03-26,54.31,54.84,53.89,54.34,867060,0.0
2019-03-27,54.35,54.57,52.64,53.11,1337934,0.0
2019-03-28,53.06,53.51,52.43,52.73,986216,0.0
2019-03-29,53.22,53.4368,52.89,53.17,1294825,0.0
2019-04-01,53.8,54.85,53.64,54.75,566674,0.0
2019-04-02,54.76,55.075,54.32,54.96,976429,0.0
2019-04-03,55.74,57.4816,55.36,56.83,2572618,0.0
2019-04-04,56.78,57.45,56.15,56.94,996564,0.0
2019-04-05,57.18,57.49,56.96,57.33,770700,0.0
2019-04-08,57.28,58.055,56.06,57.96,1374648,0.0
2019-04-09,57.63,57.73,57.12,57.26,1086258,0.0
2019-04-10,57.2,58.18,57.19,58.13,1168221,0.0
2019-04-11,58.13,58.4,57.78,57.97,695666,0.0
2019-04-12,58.49,59.33,58.29,59.29,1246988,0.0
2019-04-15,59.22,59.31,58.65,59.02,1258698,0.0
2019-04-16,59.31,60.1,59.31,59.9,1540725,0.0
2019-04-17,60.06,60.34,59.08,59.57,1155651,0.0
2019-04-18,59.91,59.98,59.48,59.78,889626,0.0
2019-04-22,59.46,59.54,58.975,59.11,1067627,0.0
2019-04-23,59.15,59.8,59.15,59.625,912912,0.0
2019-04-24,59.51,60.65,59.5,60.17,1028668,0.0
2019-04-25,59.71,60.03,58.83,59.67,1605929,0.0
2019-04-26,59.09,59.575,58.6,59.53,1159904,0.0
2019-04-29,59.22,59.888,59.16,59.42,888170,0.0
2019-04-30,59.59,60.23,59.1,60.07,1613036,0.0
2019-05-01,62,63.38,59.6,59.89,2777077,0.0
2019-05-02,60.18,61.14,59.6,60.39,1922526,0.0
2019-05-03,60.29,60.73,59.775,60.54,1157424,0.0
2019-05-06,58.81,59.29,58.04,59.11,1275786,0.0
2019-05-07,58.22,58.395,57.4674,58.27,1622002,0.0
2019-05-08,57.98,58.39,57.24,57.3,1489429,0.0
2019-05-09,56.64,57.27,55.795,57.09,1585096,0.0
2019-05-10,56.75,57.6,55.86,56.94,1466345,0.0
2019-05-13,55.21,55.3,52.78,53.42,2349919,0.0
2019-05-14,54.05,54.39,53.62,54.09,1150141,0.0
2019-05-15,53.6,55.11,53.47,54.79,1239983,0.0
2019-05-16,53.38,54.655,53.2936,54.41,1624080,0.0
2019-05-17,53.85,54.89,53.52,53.59,1491358,0.0
2019-05-20,51.62,53.23,51.62,52.64,1628052,0.0
2019-05-21,53.49,54.32,53.49,53.68,1344907,0.0
2019-05-22,53.17,54.25,52.9267,54.03,1632428,0.0
2019-05-23,53.09,54,53.09,53.87,2334327,0.0
2019-05-24,54.31,54.56,53.29,53.34,1056427,0.0
2019-05-28,53.38,53.56,51.95,51.98,1625227,0.0
2019-05-29,51.26,52.75,51.26,52.6,1850305,0.0
2019-05-30,52.65,53.85,52.65,53.14,1146280,0.0
2019-05-31,52.55,53.4245,52.53,52.59,1137865,0.0
2019-06-04,54.07,55.4,53.96,55.35,2304787,0.0
2019-06-05,55.83,55.92,54.35,55.55,1291047,0.0
2019-06-06,55.68,56.11,55.01,55.82,1199407,0.0
2019-06-07,56.2,56.59,55.85,56.53,1159613,0.0
2019-06-10,56.85,58.57,56.85,58.02,1315209,0.0
2019-06-11,58.89,59.11,57.84,58.05,1251757,0.0
2019-06-12,57.68,57.81,57.09,57.19,910665,0.0
2019-06-13,57.4,57.91,57.18,57.9,2570627,0.0
2019-06-14,56.37,56.6,55.82,56.04,3799476,0.0
2019-06-17,56.29,56.46,55.61,55.73,1232792,0.0
2019-06-18,56.39,58.16,56,57.76,1523877,0.0
2019-06-19,58.14,58.615,57.855,58.26,784107,0.0
2019-06-20,59.31,59.55,58,58.33,1077735,0.0
2019-06-21,58.28,58.57,57.89,58.41,2218785,0.0
2019-06-24,58.7,58.83,58.32,58.4,717224,0.0
2019-06-25,58.5,58.7,57.6,57.66,766268,0.0
2019-06-26,58.42,59.33,58.42,59.02,1040727,0.0
2019-06-27,59.3,60.59,59.08,60.12,1053153,0.0
2019-06-28,60.5,60.85,59.74,59.8,898128,0.0
2019-07-01,61.54,62.26,60.46,61.07,1709811,0.0
2019-07-02,60.98,61,59.69,60.21,1422427,0.0
2019-07-03,59.67,60.47,59.67,60.39,536688,0.0
2019-07-05,59.8,60.28,59.49,60.21,486330,0.0
2019-07-08,59.63,60.4,59.54,60.07,651610,0.0
2019-07-09,59.65,60.69,59.44,60.57,1068934,0.0
2019-07-10,61.07,61.81,60.72,61.11,849561,0.0
2019-07-11,61.43,61.46,60.6095,61.34,834358,0.0
2019-07-12,61.49,62.07,61.47,62.03,799981,0.0
2019-07-15,62.12,62.59,61.85,62.25,688211,0.0
2019-07-16,62.04,62.0575,61.03,61.5,1060704,0.0
2019-07-17,61.75,61.79,61.06,61.15,1071459,0.0
2019-07-18,61.32,62.37,61.29,62.16,900612,0.0
2019-07-19,62.36,62.72,62.02,62.08,887894,0.0
2019-07-22,62.21,63,62.15,62.78,774659,0.0
2019-07-23,63,63.71,62.755,63.7,1077167,0.0
2019-07-24,64.17,65.73,64,65.33,1864393,0.0
2019-07-25,64.89,64.99,63.82,64.13,1063494,0.0
2019-07-26,64.7,64.885,64.39,64.57,876108,0.0
2019-07-29,64.35,64.84,63.97,64.53,1036208,0.0
2019-07-30,63.87,64.58,63.79,64.1214,1626600,0.0
2019-07-31,62.15,62.92,59.17,59.18,3508741,0.0
2019-08-01,59.3,60.17,56,57.01,3151148,0.0
2019-08-02,56.68,56.94,55.73,55.91,1687153,0.0
2019-08-05,54.51,54.92,53.33,53.59,2011550,0.0
2019-08-06,54.29,54.97,53.49,54.09,1482614,0.0
2019-08-07,53.41,54.19,53.0908,54.06,1382774,0.0
2019-08-08,54.54,55.4,53.83,55.35,1257058,0.0
2019-08-09,54.69,54.95,53.52,53.91,1051921,0.0
2019-08-12,53.48,53.99,52.91,53.08,967206,0.0
2019-08-13,52.98,55.1,52.52,54.04,1562673,0.0
2019-08-14,52.76,53.29,52.16,52.23,1305946,0.0
2019-08-15,52.43,52.88,52.1,52.45,1754131,0.0
2019-08-16,53.02,54.29,52.7361,54.11,1609610,0.0
2019-08-19,55.33,55.6,54.44,54.69,1351542,0.0
2019-08-20,54.5,54.77,54.14,54.4,846275,0.0
2019-08-21,54.92,55.1,54.57,54.94,978789,0.0
2019-08-22,55.03,55.24,54.14,54.63,1159282,0.0
2019-08-23,54.26,54.365,51.91,52.16,2382491,0.0
2019-08-26,53.07,53.07,52.27,52.545,1507353,0.0
2019-08-27,53.11,53.31,52.35,52.76,1440243,0.0
2019-08-28,52.05,52.91,51.68,52.75,987082,0.0
2019-08-29,53.57,54.16,53.44,53.95,1667433,0.0
2019-08-30,54.61,54.85,54.27,54.53,1665069,0.0
2019-09-03,53.85,54.01,53.03,53.74,1496223,0.0
2019-09-04,54.62,55.53,54.55,55.43,1549720,0.0
2019-09-05,56.32,57.34,56.32,56.655,1598580,0.0
2019-09-06,56.87,57.3,56.6,56.92,1299077,0.0
2019-09-09,57.42,57.87,57.16,57.58,854541,0.0
2019-09-10,57.28,58.34,56.74,58.33,1865938,0.0
2019-09-11,58.52,59.8,58.14,59.76,2106193,0.0
2019-09-12,60,60.21,59.45,59.78,1466328,0.0
2019-09-13,60.23,60.35,59.55,59.59,1274918,0.0
2019-09-16,58.98,59.23,58.32,58.97,1159886,0.0
2019-09-17,58.95,58.95,58.29,58.67,937524,0.0
2019-09-18,58.67,58.915,58.08,58.78,1129439,0.0
2019-09-19,59,59.25,58.44,58.49,806747,0.0
2019-09-20,58,58.32,56.76,56.9,2517774,0.0
2019-09-23,57.05,58.36,56.62,57.96,974548,0.0
2019-09-24,58.21,58.53,56.83,57.15,1198426,0.0
2019-09-25,56.72,58.95,56.71,58.73,1171914,0.0
2019-09-26,58.7,58.99,58.15,58.37,780978,0.0
2019-09-27,56.9,58.27,56.83,57.19,1254662,0.0
2019-09-30,57.63,57.96,57.14,57.9,764427,0.0
2019-10-01,58.04,59.06,56.63,56.83,1258404,0.0
2019-10-02,56.49,56.77,55.38,55.8,966113,0.0
2019-10-03,55.96,56.78,55.02,56.53,813319,0.0
2019-10-04,56.71,57.59,56.71,57.52,1448207,0.0
2019-10-07,57.41,57.53,56.9,56.92,1496851,0.0
2019-10-08,56.33,56.38,55,55.46,1924564,0.0
2019-10-09,56.2,56.65,55.86,56.28,1342795,0.0
2019-10-10,56.48,57.37,56.01,56.88,1414124,0.0
2019-10-11,57.75,58.68,57.69,57.72,3075589,0.0
2019-10-14,57.71,57.77,57.26,57.68,1480493,0.0
2019-10-15,57.78,58.7,57.75,58.53,1678937,0.0
2019-10-16,58.05,58.72,57.51,57.74,2023790,0.0
2019-10-17,58.22,58.52,57.53,58.14,1053724,0.0
2019-10-18,58.01,58.37,57.4,57.72,1798799,0.0
2019-10-21,58.36,58.6,57.96,58.53,1169952,0.0
2019-10-22,58.81,59.02,58.32,58.615,977470,0.0
2019-10-23,56.995,57.7,56.05,56.495,2339202,0.0
2019-10-24,56.96,57.41,56.69,57.13,1452558,0.0
2019-10-25,57.25,57.74,56.965,57.16,1637678,0.0
2019-10-28,57.63,58.15,57.6,57.98,2058744,0.0
2019-10-29,58.19,59.38,58.18,58.33,3324281,0.0
2019-10-30,62,62.11,58.7,58.86,3151934,0.0
2019-10-31,58.7,58.87,57.05,58.68,1769881,0.0
2019-11-01,59.11,60.5954,59.11,60.55,1316852,0.0
2019-11-04,61.38,61.5488,60.32,60.54,1535103,0.0
2019-11-05,60.69,61.15,60.14,60.86,1565384,0.0
2019-11-06,60.64,60.64,59.3,59.62,1443099,0.0
2019-11-07,60.3,60.39,59.255,59.6,1294672,0.0
2019-11-08,59.25,59.63,58.95,59.54,1157308,0.0
2019-11-11,59.06,59.12,58.765,59.09,1097268,0.0
2019-11-12,59.12,59.49,58.26,58.39,2114989,0.0
2019-11-13,58.18,58.62,57.67,58.45,1937722,0.0
2019-11-14,58.44,58.58,57.71,57.77,2809377,0.0
2019-11-15,58.38,58.42,56.98,57.8,3289860,0.0
2019-11-18,57.59,57.74,56.53,56.61,1751054,0.0
2019-11-19,56.9,57.08,55.85,56,3609296,0.0
2019-11-20,55.85,56.33,55.24,55.47,1801930,0.0
2019-11-21,55.24,55.625,54.27,54.94,2203349,0.0
2019-11-22,55.29,55.49,54.78,55.29,1723574,0.0
2019-11-25,55.3,57.01,55.3,56.96,2266524,0.0
2019-11-26,56.5,57.01,56.16,56.9,1280852,0.0
2019-11-27,57.08,57.71,56.98,57.29,1108162,0.0
2019-11-29,57.15,57.41,56.58,56.68,510090,0.0
2019-12-02,56.8,56.97,55.94,56.46,2023107,0.0
2019-12-03,55.55,55.575,54.465,55.21,1583531,0.0
2019-12-04,56.08,57.255,56.08,56.45,1614095,0.0
2019-12-05,56.79,57.095,56.45,56.76,1055068,0.0
2019-12-06,57.54,57.83,57.42,57.46,938416,0.0
2019-12-09,57.33,57.7,57.16,57.17,866607,0.0
2019-12-10,57.25,57.84,56.67,56.82,1443490,0.0
2019-12-11,57.13,58.01,57.09,57.86,969551,0.0
2019-12-12,57.75,59.535,57.75,59.46,1801634,0.0
2019-12-13,59.34,60.33,58.66,59.59,1640071,0.0
2019-12-16,60.33,60.73,60.025,60.47,1780097,0.0
2019-12-17,60.77,60.78,60.3969,60.56,1240160,0.0
2019-12-18,60.56,60.72,60.02,60.53,1752229,0.0
2019-12-19,60.87,61.34,60.65,61.295,1494092,0.0
2019-12-20,61.83,62,60.92,61.72,2503242,0.0
2019-12-23,62,62.7,61.43,61.44,1187951,0.0
2019-12-24,61.43,61.58,61.23,61.3,397806,0.0
2019-12-26,61.29,61.79,61.18,61.68,560667,0.0
2019-12-27,61.83,62,61.34,61.54,662862,0.0
2019-12-30,61.48,61.69,61.023,61.63,796721,0.0
2019-12-31,61.38,61.63,61.19,61.53,1149562,0.0
2020-01-02,62.07,62.43,61.41,62.43,1423652,0.0
2020-01-03,61.32,62.09,61.25,61.35,1626121,0.0
2020-01-06,60.7,60.77,60.14,60.23,1555400,0.0
2020-01-07,60.96,61.76,60.43,61.61,2060636,0.0
2020-01-08,61.79,61.99,61.3101,61.61,934909,0.0
2020-01-09,62.2,62.31,61.44,62.03,1316119,0.0
2020-01-10,62.27,62.39,61.26,61.48,938324,0.0
2020-01-13,61.61,62.12,61.4,61.84,1214188,0.0
2020-01-14,61.84,62.85,61.4,62.19,1674666,0.0
2020-01-15,62.12,62.12,61.25,61.45,949213,0.0
2020-01-16,61.26,61.98,61.26,61.96,1266627,0.0
2020-01-17,62.21,62.375,61.04,61.37,2036331,0.0
2020-01-21,60.9,62.43,60.796,62,4231558,0.0
2020-01-22,62.32,63.3,62.005,62.51,3395466,0.0
2020-01-23,62.76,63.61,62.21,63.6,3648835,0.0
2020-01-24,64,64.17,62.09,62.56,3234002,0.0
2020-01-27,61.08,61.2,60.28,60.29,1519207,0.0
2020-01-28,60.64,62.565,60.64,62.16,3137120,0.0
2020-01-29,64.1,64.35,61.52,61.525,3443796,0.0
2020-01-30,60.63,62.15,60.41,62.05,2029562,0.0
2020-01-31,61.55,61.68,59.87,60.13,1452548,0.0
2020-02-03,60.56,61.14,60.28,60.83,1419860,0.0
2020-02-04,62.1,62.62,61.6,62.39,1630054,0.0
2020-02-05,63.81,64.69,63.39,64.5,1614617,0.0
2020-02-06,64.44,64.57,63.88,64.08,1112545,0.0
2020-02-07,63.6,63.8,62.47,62.53,1180193,0.0
2020-02-10,61.99,63.04,61.85,63,804141,0.0
2020-02-11,63.37,64.23,63.18,63.7,802384,0.0
2020-02-12,64.42,65.13,63.805,64.46,1397178,0.0
2020-02-13,64.27,64.69,63.65,64.3,947060,0.0
2020-02-14,64.6,64.66,63.21,63.56,844458,0.0
2020-02-18,63.12,63.21,62.26,62.46,1157007,0.0
2020-02-19,62.99,63.56,62.66,63.21,1017354,0.0
2020-02-20,63.02,63.37,61.71,62.43,944232,0.0
2020-02-21,62.05,62.3,61.02,61.17,1179072,0.0
2020-02-24,59.15,60.1,58.75,58.99,1633911,0.0
2020-02-25,59.61,59.7365,56.9,57.37,1760589,0.0
2020-02-26,57.67,58.5236,57.1,57.57,1792886,0.0
2020-02-27,56.2,57.91,55.87,55.99,1899096,0.0
2020-02-28,54.16,56.03,53.52,55.58,2888279,0.0
2020-03-02,55.88,57.86,55.18,57.78,1707543,0.0
2020-03-03,57.72,58.83,55.54,55.93,2072845,0.0
2020-03-04,56.37,58.07,55.71,58,1547544,0.0
2020-03-05,56.36,57.17,55.4,55.87,1690144,0.0
2020-03-06,53.72,54.99,53.13,54.78,1710407,0.0
2020-03-09,50.6,52.43,49.82,49.82,2647653,0.0
2020-03-10,51.54,53,49.58,52.98,2507287,0.0
2020-03-11,51.14,52.11,48.98,49.51,3992872,0.0
2020-03-12,46.7,49.06,44.67,44.85,3527809,0.0
2020-03-13,47.74,49.06,44.44,48.56,3599060,0.0
2020-03-16,43.32,49.02,42.49,42.5,6757214,0.0
2020-03-17,43.47,49,41.93,48.1575,4352838,0.0
2020-03-18,44.38,46.9654,42.42,45.085,2427869,0.0
2020-03-19,44.73,47.12,43.2301,45.74,3733812,0.0
2020-03-20,46.07,46.6,43.78,44.12,3754302,0.0
2020-03-23,45.14,46.69,43.3615,45.84,3078489,0.0
2020-03-24,47.7,48.69,46.67,48.05,4266477,0.0
2020-03-25,47.85,50.73,46.2,48.61,3216723,0.0
2020-03-26,49.21,50.43,48.42,50.22,3268404,0.0
2020-03-27,48.42,49.44,47.5,47.67,1998408,0.0
2020-03-30,48.51,50.09,47.6168,49.91,3499036,0.0
2020-03-31,49.34,50.21,48.18,48.66,1855771,0.0
2020-04-01,47.3,48.21,45.46,46.02,1512194,0.0
2020-04-02,45.46,47.89,45.32,47.69,2059215,0.0
2020-04-03,47.38,48.82,47.2,48.64,2519487,0.0
2020-04-06,50.69,53.86,50,53.43,6647382,0.0
2020-04-07,54.9,55.59,51.57,51.72,6057170,0.0
2020-04-08,52.31,53.5,51.56,53.32,2219079,0.0
2020-04-09,53.33,54.43,51.31,51.79,2330048,0.0
2020-04-13,51.43,52.555,51.43,52.23,2570576,0.0
2020-04-14,53.13,53.73,52.37,53.15,7355790,0.0
2020-04-15,52.3,52.4,51.04,52.12,4828069,0.0
2020-04-16,52.82,53.07,51.31,52.51,18540263,0.0
2020-04-17,53.97,54.4,52.71,53.08,10873569,0.0
2020-04-20,52.65,52.65,51.6,51.82,9308921,0.0
2020-04-21,51.14,51.28,50.04,50.38,6420329,0.0
2020-04-22,51.58,52.45,51.17,52.385,10111499,0.0
2020-04-23,52.18,53.58,52.18,52.43,6967926,0.0
2020-04-24,52.86,53.795,52.13,53.66,10483038,0.0
2020-04-27,53.99,55.375,53.5,55.15,8214357,0.0
2020-04-28,55.5,56.88,54.95,55.05,3923280,0.0
2020-04-29,56.51,57.68,55.15,57.4,3575820,0.0
2020-04-30,56.82,56.97,54.82,54.97,5289328,0.0
2020-05-01,53.74,54,51.96,52.07,2120730,0.0
2020-05-04,52.01,52.105,50.765,51.6,4116528,0.0
2020-05-05,51.95,53.34,51.72,52.73,1655590,0.0
2020-05-06,53.57,53.625,52.785,52.87,2856938,0.0
2020-05-07,53.61,53.86,52.7,52.84,2536714,0.0
2020-05-08,53.08,54.16,52.9,54.13,1322510,0.0
2020-05-11,53.89,54.99,53.34,54.59,4474552,0.0
2020-05-12,54.89,55.425,54.07,54.07,2210805,0.0
2020-05-13,54.44,54.62,52.4,53,5288654,0.0
2020-05-14,52.22,53.4,51.65,53.37,3181218,0.0
2020-05-15,51.97,52.94,51.65,52.06,3087611,0.0
2020-05-18,53.22,55.44,53.22,55.11,1890882,0.0
2020-05-19,55.07,56.02,54.88,55.05,1916032,0.0
2020-05-20,56.24,57.51,56.15,56.99,3555062,0.0
2020-05-21,56.72,56.97,55.44,55.67,1773729,0.0
2020-05-22,55.77,56.22,55.31,56.13,1046163,0.0
2020-05-26,57.17,58.685,57.1,58.21,3136778,0.0
2020-05-27,57.61,58.86,56.65,57.57,1486097,0.0
2020-05-28,57.5,57.885,56.27,56.55,2095474,0.0
2020-05-29,56.73,57.86,56.21,57.77,1410563,0.0
2020-06-01,57.28,58.185,57.27,57.87,1364892,0.0
2020-06-02,57.93,58.74,57.5,58.71,2681506,0.0
2020-06-03,60,61.35,59.78,60.54,2147236,0.0
2020-06-04,60.31,61,59.8,60.54,1958892,0.0
2020-06-05,62,62.72,61.16,61.3,3452002,0.0
2020-06-08,61.4,61.93,60.71,61.145,3404180,0.0
2020-06-09,60.93,61.02,60.31,60.69,2453944,0.0
2020-06-10,60.72,61.33,59.9,59.95,1763525,0.0
2020-06-11,59.5,59.775,56.92,57.03,4568358,0.0
2020-06-12,58.6,58.91,57.45,57.47,472730,0.0
2020-06-15,56.22,58.29,55.9346,58.28,1706541,0.0
2020-06-16,60,60.97,58.98,59.88,2242384,0.0
2020-06-17,60.42,60.9,59.86,60.32,1593836,0.0
2020-06-18,60.39,60.76,60.04,60.56,2848751,0.0
2020-06-19,61.41,61.48,59.99,60.44,4166637,0.0
2020-06-22,60.07,60.75,59.09,60.59,1124916,0.0
2020-06-23,61.25,62.19,61.125,61.52,1744127,0.0
2020-06-24,61.28,61.58,59.78,59.9,1606003,0.0
2020-06-25,59.68,60.31,58.97,60.17,1610925,0.0
2020-06-26,59.88,60.18,58.94,59.2,1482338,0.0
2020-06-29,59.29,59.765,58.61,59.595,1261618,0.0
2020-06-30,59.79,60.88,59.49,60.58,1685972,0.0
2020-07-01,60.44,60.53,59.65,59.67,1074023,0.0
2020-07-02,60.22,60.98,60.22,60.41,1161066,0.0
2020-07-06,61.7,62.1975,61.24,61.98,1752964,0.0
2020-07-07,61.71,62.165,61.38,61.52,1734815,0.0
2020-07-08,62.04,62.3,61.175,62.08,2125356,0.0
2020-07-09,62.3,65.01,62,64.47,3232360,0.0
2020-07-10,64.48,64.72,63.29,64.09,1752489,0.0
2020-07-13,72.46,73.52,69.05,69.3,21762621,0.0
2020-07-14,67.52,70.14,67.38,69.93,8829406,0.0
2020-07-15,70.44,71.01,69.75,70.47,4165445,0.0
2020-07-16,69.6,69.98,69.07,69.425,5282451,0.0
2020-07-17,69.72,70.39,69.53,70.04,2140676,0.0
2020-07-20,70,71.58,69.56,71.39,2805438,0.0
2020-07-21,71.11,71.45,68.73,69.04,3585687,0.0
2020-07-22,69.23,69.53,68.59,68.93,3785438,0.0
2020-07-23,68.83,68.95,67.28,67.45,2757348,0.0
2020-07-24,67.4,68.21,66.591,67.13,3337758,0.0
2020-07-27,67.41,69.26,67.33,68.94,4578424,0.0
2020-07-28,68.58,69.23,67.76,69.02,3523128,0.0
2020-07-29,68.69,70.17,68.69,69.9,3024669,0.0
2020-07-30,68.65,69.25,67.9,69.02,3061346,0.0
2020-07-31,69.06,69.15,67.01,68.085,3550876,0.0
2020-08-03,68.53,69.15,68.21,68.88,2517552,0.0
2020-08-04,68.8,69.86,68.7,69.1518,4783560,0.0
2020-08-05,68.93,69.05,67.97,68.89,2852751,0.0
2020-08-06,68.37,69.45,68.335,69.11,2045265,0.0
2020-08-07,68.72,69.524,68.32,68.7,2595174,0.0
2020-08-10,68.84,69.41,68.26,68.96,2349352,0.0
2020-08-11,68.83,70.69,68.61,68.77,3496228,0.0
2020-08-12,69.06,70.66,68.96,70.09,3536091,0.0
2020-08-13,69.84,70.13,69.06,69.39,2967319,0.0
2020-08-14,69.62,69.864,68.56,68.59,2327531,0.0
2020-08-17,68.84,69.33,68.7,68.97,2668856,0.0
2020-08-18,68.97,69.5,68.71,68.94,3885199,0.0
2020-08-19,68.81,69.79,68.61,68.96,3204646,0.0
2020-08-20,68.82,69.35,68.39,68.995,2125419,0.0
2020-08-21,68.76,68.88,68.08,68.5,1459730,0.0
2020-08-24,69.04,69.33,68.44,69.1,1241873,0.0
2020-08-25,68.96,70.88,68.95,70.82,1833162,0.0
2020-08-26,70,70.88,69.58,70.31,3223217,0.0
2020-08-27,70.94,70.94,69.34,70.05,1761812,0.0
2020-08-28,69.86,70.39,69.62,70.22,1812135,0.0
2020-08-31,69.45,69.9,68.2,68.37,3597907,0.0
2020-09-01,68.73,69.37,68.23,69.35,1950878,0.0
2020-09-02,69.74,71.37,69.47,70.715,4921163,0.0
2020-09-03,70.49,70.49,68.09,68.55,4691018,0.0
2020-09-04,68.07,69.05,66.6,68.7,3799511,0.0
2020-09-08,66.96,67.53,65.3,65.36,4636286,0.0
2020-09-09,65.99,67.31,65.99,66.97,3026310,0.0
2020-09-10,67.6,67.74,65.91,66.35,2115742,0.0
2020-09-11,66.92,67.16,65.26,66,2292379,0.0
2020-09-14,66.63,67.02,65.9118,66.36,2294091,0.0
2020-09-15,66.81,67.74,66.67,67.11,2094175,0.0
2020-09-16,67.55,68.37,66.78,67.06,2306477,0.0
2020-09-17,65.56,67.16,65.21,66.94,2329459,0.0
2020-09-18,67,67.415,65.78,66.13,4362963,0.0
2020-09-21,65.3018,65.58,64.31,65.15,2429889,0.0
2020-09-22,65.32,65.9364,64.71,65.85,2398727,0.0
2020-09-23,65.91,66.52,64.39,64.61,2168404,0.0
2020-09-24,64.07,65.8,64.0028,64.94,2356984,0.0
2020-09-25,64.57,65.69,63.74,65.55,2055262,0.0
2020-09-28,66.52,68.1,66.28,68.05,1685989,0.0
2020-09-29,67.73,68.67,67.2702,67.85,1512677,0.0
2020-09-30,68.02,68.84,67.38,67.59,2244493,0.0
2020-10-01,68.42,69.51,68.35,69.3,2536090,0.0
2020-10-02,68.32,68.7,66.3,66.35,1869859,0.0
2020-10-05,66.6,68.33,66.54,68.26,2417199,0.0
2020-10-06,67.84,69.72,67.48,67.61,2134723,0.0
2020-10-07,68.19,70.21,68.18,70.08,3798729,0.0
2020-10-08,70.3,71.7,70.3,71.47,3952734,0.0
2020-10-09,71.94,73.87,71.94,73.01,3970321,0.0
2020-10-12,73.77,74.83,73.67,74.72,1575140,0.0
2020-10-13,74.86,74.87,73.15,73.33,1324498,0.0
2020-10-14,73.43,73.6,72.77,72.99,1053508,0.0
2020-10-15,72.11,74,71.79,73.69,891010,0.0
2020-10-16,73.96,74.66,73.03,73.09,1673221,0.0
2020-10-19,73.28,74.09,72.08,72.33,950446,0.0
2020-10-20,72.65,73.5134,72.26,72.83,1784837,0.0
2020-10-21,72.69,74.22,72.54,73.47,1264455,0.0
2020-10-22,72.875,73.73,72.46,73.58,726902,0.0
2020-10-23,73.42,73.85,72.58,72.89,1990093,0.0
2020-10-26,72.28,72.73,70.25,71.25,1288216,0.0
2020-10-27,71.298,71.94,70.7,70.72,876909,0.0
2020-10-28,69.83,70.4958,68.45,68.77,1841458,0.0
2020-10-29,68.355,70.76,68.35,70.18,1060993,0.0
2020-10-30,69.37,70.08,68.8,69.72,1658872,0.0
