Date,Open,High,Low,Close,Volume,OpenInterest
2008-01-08,9.95,9.95,9.95,9.95,5000,0.0
2008-01-16,9.96,9.96,9.96,9.96,2800,0.0
2008-01-18,9.95,9.95,9.91,9.91,3000,0.0
2008-01-24,10.01,10.01,10.01,10.01,3000,0.0
2008-01-25,10.01,10.02,10,10,3600,0.0
2008-01-29,9.97,9.97,9.96,9.96,400,0.0
2008-01-31,9.86,9.93,9.86,9.93,1200,0.0
2008-02-01,10.05,10.05,10.05,10.05,100,0.0
2008-02-05,9.91,9.97,9.91,9.97,300,0.0
2008-02-22,9.98,9.98,9.98,9.98,400,0.0
2008-02-26,9.98,9.98,9.98,9.98,3200,0.0
2008-02-27,9.99,9.99,9.99,9.99,200,0.0
2008-02-28,9.99,9.99,9.96,9.96,18700,0.0
2008-03-05,9.77,9.77,9.77,9.77,100,0.0
2008-03-10,9.75,9.75,9.45,9.45,21300,0.0
2008-03-11,9.51,9.51,9.5,9.5,16600,0.0
2008-03-12,9.75,9.75,9.75,9.75,300,0.0
2008-03-14,9.5,9.5,9.5,9.5,500,0.0
2008-03-18,9.58,9.59,9.5,9.5,9900,0.0
2008-04-02,9.6,9.6,9.6,9.6,300,0.0
2008-04-07,9.6,9.6,9.6,9.6,300,0.0
2008-04-11,9.6,9.6,9.6,9.6,3500,0.0
2008-04-18,9.66,9.66,9.66,9.66,200,0.0
2008-04-22,9.62,9.65,9.62,9.65,2200,0.0
2008-04-30,9.56,9.56,9.56,9.56,3000,0.0
2008-05-01,9.8,9.85,9.65,9.65,1888,0.0
2008-05-02,9.7,9.7,9.7,9.7,1500,0.0
2008-05-06,9.71,9.71,9.71,9.71,200,0.0
2008-05-07,9.71,9.71,9.7,9.7,11700,0.0
2008-05-08,9.66,9.66,9.65,9.65,3500,0.0
2008-05-09,9.7,9.7,9.7,9.7,500,0.0
2008-05-14,9.98,9.98,9.98,9.98,880,0.0
2008-05-15,9.98,9.98,9.98,9.98,800,0.0
2008-05-19,10.08,10.08,10.08,10.08,200,0.0
2008-05-29,9.86,9.86,9.85,9.85,5600,0.0
2008-06-02,9.95,9.95,9.95,9.95,100,0.0
2008-06-04,10.05,10.05,10.05,10.05,1500,0.0
2008-06-10,9.7,9.7,9.7,9.7,3000,0.0
2008-06-12,9.66,9.66,9.65,9.65,860,0.0
2008-06-16,9.65,9.65,9.65,9.65,100,0.0
2008-06-17,9.65,9.65,9.65,9.65,500,0.0
2008-07-02,9.5,9.5,9.5,9.5,2500,0.0
2008-07-24,9.67,9.67,9.67,9.67,1000,0.0
2008-07-28,9.7,9.7,9.7,9.7,4000,0.0
2008-08-13,9.6,9.6,9.6,9.6,431,0.0
2008-08-15,9.85,9.85,9.65,9.65,4800,0.0
2008-08-19,9.6,9.6,9.6,9.6,700,0.0
2008-08-20,9.5,9.5,9.5,9.5,500,0.0
2008-08-22,9.37,9.37,9.37,9.37,5500,0.0
2008-09-09,9.6,9.6,9.6,9.6,200,0.0
2008-09-11,9.6,9.6,9.6,9.6,600,0.0
2008-09-16,9.5,9.51,9.5,9.51,10600,0.0
2008-09-17,9.52,9.52,9.52,9.52,1200,0.0
2008-09-18,9.55,9.55,9.55,9.55,200,0.0
2008-09-19,9.56,9.56,9.56,9.56,500,0.0
2008-09-22,9.6,9.6,9.6,9.6,1211,0.0
2008-09-23,9.55,9.55,9.55,9.55,800,0.0
2008-09-25,9.55,9.55,9.55,9.55,2000,0.0
2008-09-26,9.55,9.57,9.55,9.57,2300,0.0
2008-09-29,9.57,9.57,9.5,9.5,1082,0.0
2008-10-03,9.55,9.56,9.55,9.56,21800,0.0
2008-10-06,9.4,9.4,9.4,9.4,20000,0.0
2008-10-07,9.37,9.37,9.37,9.37,3000,0.0
2008-10-08,9.4,9.4,9.4,9.4,22000,0.0
2008-10-09,9.4,9.41,9.4,9.4,30300,0.0
2008-10-21,9.4,9.4,9.4,9.4,600,0.0
2008-10-27,9.4,9.4,9.4,9.4,1320,0.0
2008-10-29,9.5,9.5,9.5,9.5,2500,0.0
2008-11-04,9.6,9.6,9.6,9.6,5000,0.0
2008-11-06,9.6,9.6,9.6,9.6,1000,0.0
2008-11-12,9.6,9.6,9.6,9.6,1500,0.0
2008-11-19,9.55,9.55,9.55,9.55,100,0.0
2008-11-20,9.6,9.6,9.6,9.6,8200,0.0
2008-11-21,9.6,9.6,9.6,9.6,19300,0.0
2008-11-25,9.66,9.66,9.6,9.66,18000,0.0
2008-12-01,9.88,9.88,9.88,9.88,5150,0.0
2008-12-03,10,10,9.75,9.92,3200,0.0
2008-12-04,9.85,9.85,9.85,9.85,6625,0.0
2008-12-10,9.74,9.74,9.74,9.74,1000,0.0
2008-12-11,9.72,9.72,9.71,9.71,40500,0.0
2008-12-18,9.85,9.85,9.85,9.85,750,0.0
2008-12-19,9.8,9.8,9.8,9.8,10000,0.0
2009-01-13,9.95,9.95,9.95,9.95,103,0.0
2009-01-15,9.85,9.85,9.85,9.85,5000,0.0
2009-01-16,9.85,9.85,9.85,9.85,12500,0.0
2009-01-21,9.62,9.62,9.62,9.62,4500,0.0
2009-01-22,9.62,9.62,9.62,9.62,1600,0.0
2009-01-26,9.6,9.6,9.6,9.6,8100,0.0
2009-01-28,9.62,9.62,9.62,9.62,4000,0.0
2009-02-03,9.56,9.59,9.56,9.59,4100,0.0
2009-02-20,9.83,9.84,9.83,9.83,4700,0.0
2009-02-23,9.54,9.54,9.54,9.54,1856,0.0
2009-03-09,9.72,9.73,9.72,9.73,7850,0.0
2009-03-11,9.7,9.7,9.7,9.7,20000,0.0
2009-03-19,9.7,9.7,9.7,9.7,15200,0.0
2009-03-23,9.68,9.68,9.68,9.68,15725,0.0
2009-03-24,9.7,9.7,9.7,9.7,140,0.0
2009-03-30,9.61,9.61,9.61,9.61,1470,0.0
2009-04-08,9.65,9.65,9.545,9.545,2294,0.0
2009-04-09,9.45,9.45,9.45,9.45,294,0.0
2009-04-17,9.6,9.6,9.6,9.6,2410,0.0
2009-04-23,9.58,9.58,9.58,9.58,6430,0.0
2009-04-24,9.58,9.58,9.58,9.58,15100,0.0
2009-05-04,9.6,9.6,9.6,9.6,2000,0.0
2009-05-15,9.42,9.42,9.42,9.42,1500,0.0
2009-05-18,9.47,9.47,9.47,9.47,225,0.0
2009-05-20,9.62,9.62,9.62,9.62,10000,0.0
2009-06-05,9.57,9.57,9.54,9.54,2700,0.0
2009-06-17,9.63,9.63,9.63,9.63,2000,0.0
2009-06-23,9.4,9.4,9.4,9.4,1000,0.0
2009-06-24,9.64,9.64,9.64,9.64,10000,0.0
2009-08-25,9.67,9.67,9.67,9.67,10010,0.0
2009-08-27,9.61,9.61,9.6,9.6,1500,0.0
2009-09-24,9.61,9.61,9.61,9.61,200,0.0
2009-10-01,9.83,9.83,9.83,9.83,220,0.0
2009-10-19,10.06,10.06,10.06,10.06,5000,0.0
2009-10-21,10.03,10.03,9.64,9.9,8000,0.0
2009-10-22,9.9,9.9,9.9,9.9,200,0.0
2009-10-27,9.61,9.63,9.39,9.63,2600,0.0
2009-10-28,9.68,9.74,9.68,9.74,2200,0.0
2009-10-29,9.68,9.68,9.57,9.57,800,0.0
2009-10-30,9.69,9.84,9.69,9.84,1100,0.0
2009-11-05,9.8975,9.8975,9.86,9.87,540,0.0
2009-11-06,9.85,9.85,9.8,9.8,6100,0.0
2009-11-09,9.75,9.75,9.75,9.75,5000,0.0
2009-11-13,9.8,9.8,9.8,9.8,6000,0.0
2009-11-16,9.84,9.84,9.84,9.84,1000,0.0
2009-11-17,9.92,9.92,9.84,9.84,5000,0.0
2009-11-30,9.8,9.8,9.8,9.8,100,0.0
2009-12-03,9.85,9.85,9.85,9.85,6900,0.0
2009-12-07,9.8529,9.8529,9.8529,9.8529,247,0.0
2009-12-08,9.85,9.85,9.85,9.85,400,0.0
2009-12-16,9.95,9.95,9.95,9.95,100,0.0
2009-12-17,9.63,9.86,9.63,9.86,4200,0.0
2009-12-21,9.87,9.87,9.87,9.87,100,0.0
2009-12-30,9.87,9.87,9.87,9.87,3000,0.0
2010-01-05,9.92,9.92,9.92,9.92,100,0.0
2010-01-07,9.93,9.93,9.93,9.93,147,0.0
2010-01-14,9.85,9.85,9.85,9.85,1000,0.0
2010-01-15,9.92,9.92,9.92,9.92,100,0.0
2010-01-19,9.83,9.83,9.83,9.83,1000,0.0
2010-01-20,9.95,9.95,9.9,9.9,1029,0.0
2010-01-21,9.93,9.93,9.93,9.93,1500,0.0
2010-01-25,9.9,9.9,9.9,9.9,1675,0.0
2010-01-26,9.95,9.95,9.95,9.95,100,0.0
2010-02-01,9.73,9.88,9.73,9.88,5100,0.0
2010-02-04,9.89,9.89,9.89,9.89,200,0.0
2010-02-05,9.95,9.95,9.95,9.95,11400,0.0
2010-02-11,9.82,9.82,9.82,9.82,100,0.0
2010-02-16,9.82,9.82,9.82,9.82,100,0.0
2010-02-17,9.85,9.86,9.85,9.86,200,0.0
2010-02-19,9.88,9.8801,9.88,9.8801,655,0.0
2010-02-24,9.88,9.88,9.88,9.88,100,0.0
2010-03-05,9.89,9.89,9.89,9.89,355,0.0
2010-03-22,9.88,9.8801,9.88,9.8801,563,0.0
2010-03-23,9.9,9.9,9.9,9.9,1100,0.0
2010-03-24,9.9,9.9,9.9,9.9,1004,0.0
2010-04-05,10,10,10,10,100,0.0
2010-04-09,9.85,10,9.85,10,1100,0.0
2010-04-12,9.93,9.93,9.93,9.93,2000,0.0
2010-04-13,10.01,10.01,10.01,10.01,100,0.0
2010-04-15,9.93,9.93,9.92,9.93,24929,0.0
2010-04-16,9.93,9.93,9.93,9.93,105,0.0
2010-04-19,9.92,9.92,9.92,9.92,5563,0.0
2010-04-20,10.04,10.04,10.04,10.04,100,0.0
2010-04-22,10.07,10.07,10.07,10.07,100,0.0
2010-05-06,9.95,9.95,9.95,9.95,10800,0.0
2010-05-19,9.93,9.93,9.93,9.93,300,0.0
2010-06-18,10,10,9.99,9.99,1119,0.0
2010-06-30,10,10,10,10,9000,0.0
2010-07-12,10,10,10,10,8980,0.0
2010-07-14,10.01,10.01,10.01,10.01,300,0.0
2010-07-15,10.01,10.01,10.01,10.01,429,0.0
2010-08-17,10.06,10.06,10.03,10.03,2000,0.0
2010-08-19,9.98,9.98,9.98,9.98,6777,0.0
2010-08-20,9.98,10.5,9.98,9.98,2629,0.0
2018-07-26,26.5,27.45,25,26.7,41968081,0.0
2018-07-27,27.54,27.54,23.21,24.95,18736705,0.0
2018-07-30,23.31,23.9,21.88,22.495,12836319,0.0
2018-07-31,22.2,22.71,19.62,22.59,13099273,0.0
2018-08-01,19.38,21.4,18.62,20.3,16288707,0.0
2018-08-02,19.27,20.18,19.03,19.7,8781715,0.0
2018-08-03,20,20.2665,18.91,19.07,6675934,0.0
2018-08-06,19.22,21.09,18.92,20.2,7752932,0.0
2018-08-07,21.08,21.9,20.67,20.88,7005071,0.0
2018-08-08,21.42,21.46,19.86,20.22,3536835,0.0
2018-08-09,20.4,20.56,19.46,20,4514041,0.0
2018-08-10,19.85,20.0312,19.49,19.5,2473996,0.0
2018-08-13,19.21,20.1,19.2,19.45,2000400,0.0
2018-08-14,19.46,19.52,18.88,19,7791174,0.0
2018-08-15,17.9,18.5,17.58,17.73,11137695,0.0
2018-08-16,18.25,19.1,18.16,19.06,5589102,0.0
2018-08-17,18.65,19.03,18.38,18.96,2598232,0.0
2018-08-20,18.82,19.335,18.795,18.91,2678065,0.0
2018-08-21,19.14,19.5,18.45,18.75,2985761,0.0
2018-08-22,18.67,18.9488,18.01,18.405,3880755,0.0
2018-08-23,18.38,18.8,18.12,18.31,5858434,0.0
2018-08-24,18.25,18.4999,17.2,17.29,6554218,0.0
2018-08-27,17.66,19.21,17.5,19.1,5430166,0.0
2018-08-28,19.49,19.96,18.82,19.52,4533523,0.0
2018-08-29,19.54,21.24,18.91,21.19,4786179,0.0
2018-08-30,20.68,20.846,17.88,18,8615690,0.0
2018-08-31,18.87,19.67,17.55,19.37,9731371,0.0
2018-09-04,18.66,21.18,18.6,20.75,9691099,0.0
2018-09-05,20.44,20.45,18.8,18.8,6642217,0.0
2018-09-06,19.28,19.78,18.91,19.12,3139607,0.0
2018-09-07,19.03,20.25,19,19.57,4218288,0.0
2018-09-10,19.68,20.05,19.48,19.75,2445257,0.0
2018-09-11,19.55,23.77,19.31,23.62,10281024,0.0
2018-09-12,22.77,23.75,22.02,23.06,8335017,0.0
2018-09-13,24.5,30.48,24.42,30.05,15991199,0.0
2018-09-14,28.89,30,26.28,26.34,15799908,0.0
2018-09-17,25.98,27.88,24.2,24.4,7159567,0.0
2018-09-18,24.66,25.66,22.31,22.5,6389931,0.0
2018-09-19,23.28,24.36,22.48,23.02,4207276,0.0
2018-09-20,23.36,25.25,23.06,24.62,4904032,0.0
2018-09-21,25.51,26.59,24.431,25.6,5486537,0.0
2018-09-24,24.76,27.13,24.22,26.4873,4139931,0.0
2018-09-25,26.15,27.8,26.1,26.8005,3968530,0.0
2018-09-26,26.98,27.11,25.5,26.03,3834708,0.0
2018-09-27,26.36,26.59,25.34,26.46,3025237,0.0
2018-09-28,26,26.3,25.52,26.18,2260148,0.0
2018-10-01,26.23,28.18,26.06,27.7,4132084,0.0
2018-10-02,27.3,27.39,25.45,25.6565,3646500,0.0
2018-10-03,26.3,26.9725,25.86,26.28,2020108,0.0
2018-10-04,25.73,25.85,22.551,22.71,6666252,0.0
2018-10-05,23.1,23.79,20.5,21.73,9783882,0.0
2018-10-08,20.61,21.94,20.33,21.22,4121792,0.0
2018-10-09,20.99,22.62,20.88,22.41,4216632,0.0
2018-10-10,22.78,22.88,20.2,20.31,6379259,0.0
2018-10-11,20.31,21.49,20.03,20.83,7717803,0.0
2018-10-12,22.1012,22.48,21.02,21.63,3210266,0.0
2018-10-15,21.28,21.88,21,21.1,2154347,0.0
2018-10-16,21.23,21.49,20.48,20.78,4387341,0.0
2018-10-17,20.85,21,19.6,20.01,3740544,0.0
2018-10-18,19.65,19.87,18.8,18.81,4874734,0.0
2018-10-19,19.52,19.681,18.21,18.65,5287702,0.0
2018-10-22,19.7,20.09,18.91,19.96,6873462,0.0
2018-10-23,18.95,19.09,17.93,18.51,9197785,0.0
2018-10-24,18.7,18.71,17.25,17.3,5191755,0.0
2018-10-25,17.97,18.74,17.55,18.57,4324353,0.0
2018-10-26,17.77,20,17.72,18.25,5588085,0.0
2018-10-29,18.62,18.93,17.07,17.3,3940935,0.0
2018-10-30,17.5,18.045,17,17.17,4389485,0.0
2018-10-31,17.84,18,17.2,17.64,5249060,0.0
2018-11-01,17.86,20.74,17.86,20.35,14624842,0.0
2018-11-02,21.15,21.78,19.88,20.38,8185263,0.0
2018-11-05,20.19,20.21,19.19,20.0362,3846049,0.0
2018-11-06,20,21.39,19.32,19.6599,3017268,0.0
2018-11-07,20.22,20.98,19.8,20.75,3703354,0.0
2018-11-08,20.21,20.5999,19.11,19.28,2981066,0.0
2018-11-09,18.95,19.1806,18.01,18.3199,4666258,0.0
2018-11-12,18.34,18.57,17.15,17.211,5522406,0.0
2018-11-13,17.68,18.17,17.11,17.14,7125608,0.0
2018-11-14,17.2,19.39,16.53,19.1354,23957188,0.0
2018-11-15,18.7,20.49,18.5,20.45,7806919,0.0
2018-11-16,20,20.96,19.8139,20.77,6791030,0.0
2018-11-19,20.43,21.58,19.66,19.72,7081415,0.0
2018-11-20,20.85,23.98,18.61,23.14,18617323,0.0
2018-11-21,23.5,24.59,23.05,23.66,6948812,0.0
2018-11-23,23.65,24.2,22.26,22.49,2660460,0.0
2018-11-26,22.9,23,21.01,21.19,4323617,0.0
2018-11-27,20.95,22.54,20.85,22.43,5607973,0.0
2018-11-28,22.7,23.32,22.5,22.88,3576999,0.0
2018-11-29,22.98,23.4,21.87,22.43,2737811,0.0
2018-11-30,22.56,23.43,22.43,22.96,2765708,0.0
2018-12-03,24.33,25,23.62,23.95,6294515,0.0
2018-12-04,23.9,24.19,23.16,23.33,3809089,0.0
2018-12-06,22.5,22.97,22.1,22.505,3771886,0.0
2018-12-07,22.53,23,20.05,20.58,5777811,0.0
2018-12-10,21,21.23,19.92,20.1,4063834,0.0
2018-12-11,20.84,21.21,20.52,20.8,2135952,0.0
2018-12-12,21.12,22.84,21.1,22.66,3902882,0.0
2018-12-13,22.82,23.38,22.1396,22.56,2991397,0.0
2018-12-14,21.91,23.37,21.78,23.11,3583932,0.0
2018-12-17,22.69,22.77,21.54,22.18,2640284,0.0
2018-12-18,22.26,23.18,22.1,22.99,2307677,0.0
2018-12-19,22.65,23.15,21.6701,22.35,2640112,0.0
2018-12-20,22.02,22.66,21.3179,21.5,2416370,0.0
2018-12-21,21.81,22.6,20.5,21.13,3295747,0.0
2018-12-24,20.84,22.03,20.76,21.3,1112680,0.0
2018-12-26,21.4,21.9,21.1596,21.52,2120671,0.0
2018-12-27,21.59,22.2,21.11,21.94,1407462,0.0
2018-12-28,22.11,22.63,21.316,22.03,1297108,0.0
2018-12-31,22.52,22.68,21.8,22.455,1265369,0.0
2019-01-02,22,22.36,21.5,22.16,1749444,0.0
2019-01-03,21.82,22.2,21.5,21.5299,1975187,0.0
2019-01-04,22.2,23.45,21.86,22.67,3862556,0.0
2019-01-07,22.86,23.45,22.69,23.17,2963430,0.0
2019-01-08,23.6,24.2,22.81,24.015,2871779,0.0
2019-01-09,24.2,26.28,24.17,25.56,6921712,0.0
2019-01-10,24.79,26.7,24.64,26.465,4473787,0.0
2019-01-11,26,26.37,25.72,26.185,2165079,0.0
2019-01-14,25.38,25.8,23.52,24.47,5198240,0.0
2019-01-15,24.79,25.8,23.9,24.33,6139093,0.0
2019-01-16,24.73,25.73,24.59,25.1,3096385,0.0
2019-01-17,24.78,24.99,23.88,24.365,3458701,0.0
2019-01-18,25,25.44,23.96,24.99,5054570,0.0
2019-01-22,24,26.46,23.89,25.15,8539775,0.0
2019-01-23,25.63,27.13,25.6,26.5739,6195976,0.0
2019-01-24,26.81,28.76,26.76,28.755,7972940,0.0
2019-01-25,28.74,29.5,27.93,29.45,5245972,0.0
2019-01-28,28.35,29.06,28.21,28.97,3185862,0.0
2019-01-29,28.78,30.4,28.52,30.11,4923368,0.0
2019-01-30,30.2,30.3799,28.43,28.9,5094977,0.0
2019-01-31,29,29.59,28.795,29.2,3279582,0.0
2019-02-01,28.93,30.88,28.92,28.98,3949457,0.0
2019-02-04,29.05,30,28.5,29.9397,2606001,0.0
2019-02-05,30,31.18,29.775,30.29,2865562,0.0
2019-02-06,28.55,29.33,27.89,27.99,8915414,0.0
2019-02-07,27.65,27.65,26.35,26.5,8304392,0.0
2019-02-08,25.75,26.21,25.5,25.95,27160011,0.0
2019-02-11,26.78,27.8,26.72,26.755,12734374,0.0
2019-02-12,27.26,27.8216,27,27.01,7727729,0.0
2019-02-13,27.5,27.71,26.53,27.035,6907760,0.0
2019-02-14,27,27.42,26.61,27.01,3587051,0.0
2019-02-15,27.17,28.08,26.9,27.48,4963359,0.0
2019-02-19,27.87,29.52,27.52,29.13,7728343,0.0
2019-02-20,29.45,30,29.01,29.29,6218195,0.0
2019-02-21,29.47,29.55,28.22,28.5,4893618,0.0
2019-02-22,29,29.51,28.95,29.38,5659263,0.0
2019-02-25,30.7,31,28.91,29,9680585,0.0
2019-02-26,28.68,29.29,28.15,29.13,5883304,0.0
2019-02-27,29,29.5,28.415,28.56,5481246,0.0
2019-02-28,29,29.95,28.4,29.94,7443393,0.0
2019-03-01,30.27,30.79,29.8769,29.97,5396105,0.0
2019-03-04,30.14,31.96,30.14,31.14,7873614,0.0
2019-03-05,31.53,31.99,30.7,30.779,4494403,0.0
2019-03-06,31.09,31.37,29.5011,29.99,5581024,0.0
2019-03-07,29.94,29.99,28.42,29.09,4806011,0.0
2019-03-08,28.01,28.81,28.01,28.449,4645659,0.0
2019-03-11,29.43,30.27,29.17,29.94,7646176,0.0
2019-03-12,30.47,31.17,29.7,30.42,9875917,0.0
2019-03-13,27.31,27.9,24.7,25.11,51876230,0.0
2019-03-14,25.29,25.29,24.36,24.39,15386245,0.0
2019-03-15,24.91,25.24,24.48,24.5,10040382,0.0
2019-03-18,24.99,26.08,24.75,25.84,12881075,0.0
2019-03-19,26,26.47,25,25.26,10717232,0.0
2019-03-20,25.17,25.3,24.05,24.61,9259856,0.0
2019-03-21,24.43,25.0701,24.38,24.83,5169229,0.0
2019-03-22,24.73,24.88,23.1675,23.495,9691303,0.0
2019-03-25,23.3,23.66,23.01,23.34,5305400,0.0
2019-03-26,23.66,23.9074,23.1,23.37,4345208,0.0
2019-03-27,23.37,24,23.2,23.61,4862290,0.0
2019-03-28,23.76,23.95,23.09,23.32,4204729,0.0
2019-03-29,23.79,25.085,23.72,24.79,10204988,0.0
2019-04-01,25.53,25.66,24.01,24.68,4624196,0.0
2019-04-02,24.59,24.59,24.11,24.45,3943138,0.0
2019-04-03,24.75,25.025,23.185,23.51,12116909,0.0
2019-04-04,23.11,23.17,22.36,22.6,13646811,0.0
2019-04-05,22.73,22.795,21.3,21.58,18013469,0.0
2019-04-08,21.79,22.43,21.41,21.83,9466495,0.0
2019-04-09,21.86,22.5,21.5,22.35,5680383,0.0
2019-04-10,22.43,23.3,21.88,21.95,7736755,0.0
2019-04-11,21.84,22.09,21.61,21.67,3770362,0.0
2019-04-12,22.06,22.36,21.4,21.68,7476285,0.0
2019-04-15,21.9,22.1702,21.51,22.01,6625828,0.0
2019-04-16,22.35,23.1,22.1,22.5,6896988,0.0
2019-04-17,23.1,23.56,22.74,23.02,5697786,0.0
2019-04-18,23.13,23.76,23.05,23.55,4771121,0.0
2019-04-22,23.14,24.11,23.14,23.99,4142048,0.0
2019-04-23,24.28,24.83,24.2,24.42,5136286,0.0
2019-04-24,24.3,24.365,23.3645,23.93,6339745,0.0
2019-04-25,23.62,23.62,22.81,23.07,6810617,0.0
2019-04-26,22.85,23,21.76,21.92,11946917,0.0
2019-04-29,22,22.4,22,22.28,3893452,0.0
2019-04-30,22.01,22.47,21.93,22.24,4437889,0.0
2019-05-01,22.18,23.62,21.6,23.3,7087449,0.0
2019-05-02,23.27,23.64,22.89,23.13,4321117,0.0
2019-05-03,23.45,24.04,23.3,23.96,4561038,0.0
2019-05-06,22.5,23.78,22.47,23.71,6098507,0.0
2019-05-07,23.4,23.74,22.47,22.82,5064662,0.0
2019-05-08,22.77,23.48,22.31,23.19,5149407,0.0
2019-05-09,22.63,23.33,21.61,23.13,6153525,0.0
2019-05-10,22.6,22.98,21.8,22.39,7126810,0.0
2019-05-13,21.51,21.51,20.58,20.74,13067082,0.0
2019-05-14,21.26,22.1999,20.98,22.16,7783868,0.0
2019-05-15,22.21,22.26,21.6,22.03,6128430,0.0
2019-05-16,22.2,23.23,22.05,22.88,8815061,0.0
2019-05-17,22.2,23.4,22.13,22.69,10138456,0.0
2019-05-20,21.51,21.61,20,20.78,25156715,0.0
2019-05-21,21.24,22.06,21.21,21.52,7846458,0.0
2019-05-22,21.3,21.3,20.08,20.46,9795609,0.0
2019-05-23,20.13,20.991,19.95,20.55,7805723,0.0
2019-05-24,20.8,20.98,20.14,20.28,2947388,0.0
2019-05-28,20.51,20.54,19.95,20.23,6062348,0.0
2019-05-29,20,20.1329,19.54,19.97,5383040,0.0
2019-05-30,20.05,20.17,19.32,19.66,4748205,0.0
2019-05-31,19.29,19.56,19.12,19.42,4360275,0.0
2019-06-03,19.38,19.38,18.46,19.04,6139867,0.0
2019-06-04,19.18,19.72,18.96,19.28,5263829,0.0
2019-06-05,19.29,19.38,18.84,19.14,3811787,0.0
2019-06-06,19.09,19.64,19,19.38,3197375,0.0
2019-06-07,19.49,20.13,19.46,19.78,3210474,0.0
2019-06-10,20.25,20.95,20.15,20.19,4837055,0.0
2019-06-11,20.56,20.75,19.99,20.05,3832951,0.0
2019-06-12,19.9,20.46,19.64,20.4,4163049,0.0
2019-06-13,20.69,21.08,20.4,20.4775,7800639,0.0
2019-06-14,20.29,20.56,19.93,20.52,4938698,0.0
2019-06-17,20.5,20.87,20.37,20.59,2486114,0.0
2019-06-18,20.95,21.31,20.8193,20.88,6234347,0.0
2019-06-19,21.29,21.3,20.24,20.95,4277783,0.0
2019-06-20,21.5,21.78,20.615,20.95,5437306,0.0
2019-06-21,20.88,21.3,20.76,20.99,4519627,0.0
2019-06-24,21.04,21.14,20.56,20.76,3385475,0.0
2019-06-25,20.46,20.7227,20.26,20.53,4308098,0.0
2019-06-26,20.54,20.77,20.295,20.45,6107065,0.0
2019-06-27,20.7,21.08,20.64,20.77,4320660,0.0
2019-06-28,20.8889,20.89,20.3502,20.63,2609582,0.0
2019-07-01,21.3,21.7,20.52,20.65,7181675,0.0
2019-07-02,20.73,20.73,19.8,20.32,6098230,0.0
2019-07-03,20.25,20.31,19.85,20.09,3174971,0.0
2019-07-05,19.88,20.34,19.81,20.29,2851534,0.0
2019-07-08,19.9,20.08,19.5,20.04,6395431,0.0
2019-07-09,19.99,20.63,19.88,20.48,3949798,0.0
2019-07-10,20.45,20.69,19.51,19.84,8282096,0.0
2019-07-11,19.86,19.9,19.24,19.32,6828332,0.0
2019-07-12,19.5,19.54,19.105,19.15,4183622,0.0
2019-07-15,19.43,19.64,19.23,19.35,4020105,0.0
2019-07-16,19.44,20.37,19.3,20.12,8919828,0.0
2019-07-17,19.93,20.26,19.83,19.96,4275787,0.0
2019-07-18,19.82,20.29,19.375,20.19,4158162,0.0
2019-07-19,20.38,20.4,19.96,20.06,4378811,0.0
2019-07-22,20.02,20.4,19.97,20.15,3459935,0.0
2019-07-23,20.29,21.08,20.2,21,5692189,0.0
2019-07-24,20.98,21.035,20.725,20.94,2261292,0.0
2019-07-25,20.97,21.64,20.9,21.51,5467037,0.0
2019-07-26,21.62,22.07,21.3,21.61,3897730,0.0
2019-07-29,21.73,21.98,21.41,21.92,3184722,0.0
2019-07-30,21.68,22.25,21.55,21.95,2867251,0.0
2019-07-31,21.95,22.8,21.85,22.26,5466312,0.0
2019-08-01,22.2,23.685,22.15,22.65,11172067,0.0
2019-08-02,22.29,23.66,22.25,22.99,6494797,0.0
2019-08-05,22.41,22.41,21.22,22.17,6200964,0.0
2019-08-06,22.25,22.66,21.87,21.96,4121391,0.0
2019-08-07,21.59,22.21,21.5,22.13,3040474,0.0
2019-08-08,22.24,22.87,21.83,22.805,3934838,0.0
2019-08-09,22.46,23.19,22.4138,22.59,5258589,0.0
2019-08-12,22.4,22.92,22.085,22.35,5282699,0.0
2019-08-13,22.57,24,22.51,23.78,6743004,0.0
2019-08-14,23.23,23.77,22.83,23.55,4572883,0.0
2019-08-15,23.9,24.52,23.6,23.87,4741811,0.0
2019-08-16,24.18,25.1,24.18,25,7147398,0.0
2019-08-19,25.5,26,25.225,25.58,6788754,0.0
2019-08-20,25.61,26.17,25.25,25.965,10366784,0.0
2019-08-21,29.4,30.2,28.86,30.12,35998585,0.0
2019-08-22,29.64,30.98,29.06,30.59,19637684,0.0
2019-08-23,29.64,30.65,29.38,29.49,10571993,0.0
2019-08-26,29.95,31.09,29.95,30.62,8236836,0.0
2019-08-27,30.9,30.92,30.46,30.85,6765496,0.0
2019-08-28,30.62,31.38,30.55,30.93,5377991,0.0
2019-08-29,31.5,33.88,31.2,33.64,14440594,0.0
2019-08-30,33.75,33.8,32.5,32.77,7559033,0.0
2019-09-03,32.68,33.27,32.13,33.26,6484455,0.0
2019-09-04,33.66,34.25,33.21,33.99,6520915,0.0
2019-09-05,34.42,35.04,34.4,34.87,4306083,0.0
2019-09-06,35.07,35.86,34.55,34.97,7137958,0.0
2019-09-09,35.13,35.2,33.62,34.99,5370886,0.0
2019-09-10,34.46,34.92,33.72,34.86,5380076,0.0
2019-09-11,34.89,36.72,34.78,36.65,6184307,0.0
2019-09-12,36.3,36.89,36.06,36.15,6208576,0.0
2019-09-13,36.07,36.4729,35.761,35.9,4801971,0.0
2019-09-16,35.51,35.5701,34.21,34.73,6790555,0.0
2019-09-17,34.3,35.74,34.2158,35.46,5560929,0.0
2019-09-18,35.27,35.27,33.89,34.33,6679153,0.0
2019-09-19,34.33,35.29,34.055,34.63,4672181,0.0
2019-09-20,34.67,35.105,33.16,34.07,5772775,0.0
2019-09-23,33.85,34.19,33.02,33.82,5300172,0.0
2019-09-24,32.8,33.19,30.82,30.8695,19112134,0.0
2019-09-25,31.01,32.31,30.96,32.26,13507840,0.0
2019-09-26,32.41,33.395,32.1,32.66,6521349,0.0
2019-09-27,32.86,33.39,30.02,31.28,15606097,0.0
2019-09-30,31.96,32.63,31.31,32.24,5560992,0.0
2019-10-01,32.35,32.89,32.12,32.75,4192774,0.0
2019-10-02,32.26,32.7,31.77,32.57,4808682,0.0
2019-10-03,32.6,33.12,32.115,32.95,2829049,0.0
2019-10-04,32.97,33.44,32.77,33.35,4065652,0.0
2019-10-07,33.24,33.24,31.13,31.66,13394803,0.0
2019-10-08,31,31.58,30.65,31.25,9231231,0.0
2019-10-09,31.72,32.18,31.57,31.79,6251081,0.0
2019-10-10,31.91,32.29,31.75,31.93,4599236,0.0
2019-10-11,32.2,33.38,31.995,32.87,10374869,0.0
2019-10-14,32.6,33.095,32.45,32.85,5087405,0.0
2019-10-15,33.19,34.095,33.06,33.89,8895510,0.0
2019-10-16,33.69,34.19,33.63,33.74,5597904,0.0
2019-10-17,33.82,34.49,33.64,34.2,6980084,0.0
2019-10-18,34.22,34.64,32.7,33.37,8551576,0.0
2019-10-21,33.97,34.18,33.66,34,2885194,0.0
2019-10-22,34.09,35.5,34,34.37,5106880,0.0
2019-10-23,34.24,35.53,33.88,35.5,4652737,0.0
2019-10-24,35.8,40,35.62,39.98,16804839,0.0
2019-10-25,39.4,42,39.23,40.83,12449270,0.0
2019-10-28,41.29,42.85,40.695,42.58,6979822,0.0
2019-10-29,42.13,42.13,39.6,40.5,6982190,0.0
2019-10-30,40.61,41.83,40.41,40.87,4827364,0.0
2019-10-31,40.4,40.88,39.53,40.88,5409267,0.0
2019-11-01,41.5,42.43,41.19,41.49,5476545,0.0
2019-11-04,42.39,43.48,41.9526,42.52,6218117,0.0
2019-11-05,43.15,43.69,42.545,43.54,4002342,0.0
2019-11-06,44.05,45.25,42.42,43.49,6082309,0.0
2019-11-07,44.16,44.2,42.86,43.3,4579290,0.0
2019-11-08,43.46,43.51,42.84,43.23,4405005,0.0
2019-11-11,42.42,42.69,41.23,41.92,6094008,0.0
2019-11-12,42.08,42.85,41.45,41.57,3871152,0.0
2019-11-13,41.18,42,41.04,41.65,4060869,0.0
2019-11-14,41.5,42.09,40.01,41.28,4400677,0.0
2019-11-15,41.82,43.09,41.5684,42.79,6222278,0.0
2019-11-18,43.34,43.36,40.84,41.54,8038516,0.0
2019-11-19,41.8003,41.84,39.73,40.715,9224996,0.0
2019-11-20,31.35,35.03,30.26,31.31,47100179,0.0
2019-11-21,32.65,33.24,31.26,31.58,15524422,0.0
2019-11-22,32.23,34.57,31.52,34.005,18218147,0.0
2019-11-25,35.01,36.74,35,36.54,18441855,0.0
2019-11-26,36,37.06,35.734,36.99,9191468,0.0
2019-11-27,37.29,37.78,35.35,35.86,7279948,0.0
2019-11-29,35.68,36.24,35.23,35.93,3303685,0.0
2019-12-02,35.86,36.11,34.51,36.07,4742577,0.0
2019-12-03,34.7,36.38,34.59,36.16,4047572,0.0
2019-12-04,36.45,36.4962,34.92,35.83,5624333,0.0
2019-12-05,35.78,36.78,35.22,36.58,4974620,0.0
2019-12-06,36.9,37.7,36.6,37.52,3879391,0.0
2019-12-09,37.37,38.07,36.96,37.52,3968467,0.0
2019-12-10,37.5,38.45,37.32,38.13,3458242,0.0
2019-12-11,38.27,38.34,36.95,37.3,3816217,0.0
2019-12-12,37.5,38.6,37.31,38.09,3201189,0.0
2019-12-13,38,38.79,36.23,36.46,5034916,0.0
2019-12-16,36.96,38.75,36.7,38.68,4061934,0.0
2019-12-17,38.8,39.33,38.25,38.71,3722888,0.0
2019-12-18,38.78,38.85,37.16,37.74,4429315,0.0
2019-12-19,37.99,38.01,37.01,37.52,3520111,0.0
2019-12-20,37.84,38,37.24,37.36,2923190,0.0
2019-12-23,37.7,37.98,37,37.89,2570782,0.0
2019-12-24,37.85,38.55,37.81,38.08,1802857,0.0
2019-12-26,38.38,38.79,38.01,38.59,2282379,0.0
2019-12-27,39,39.51,38.44,39.25,3574210,0.0
2019-12-30,39.2,39.62,38.13,38.14,2846534,0.0
2019-12-31,38.2,38.53,37.6,37.85,1850769,0.0
2020-01-02,38.5,41.28,38.5,41.23,9027995,0.0
2020-01-03,40,41.65,39.69,40.9,4651139,0.0
2020-01-06,40.55,40.74,39.61,40.1,4172426,0.0
2020-01-07,40.3,41.61,39.81,41.2,4663344,0.0
2020-01-08,40.63,41.13,40.06,40.51,5155203,0.0
2020-01-09,41.14,41.85,39.595,39.66,5402035,0.0
2020-01-10,40.25,40.25,37.81,38.42,9975198,0.0
2020-01-13,39.01,39.66,38.75,39.36,5346402,0.0
2020-01-14,39.35,39.37,37.68,38,10043670,0.0
2020-01-15,37.94,39.14,37.89,38.67,6414334,0.0
2020-01-16,39.1,40.27,38.965,39.5,6016304,0.0
2020-01-17,39.84,40.46,39.19,39.4,4317931,0.0
2020-01-21,38.58,39.64,38.29,39.34,9611647,0.0
2020-01-22,39.95,40.7399,38.67,38.84,9243110,0.0
2020-01-23,38.2497,38.65,37.6445,38.33,9748117,0.0
2020-01-24,38.5,38.99,36.58,37.34,10310819,0.0
2020-01-27,35.51,37.04,35.3034,36.56,7356962,0.0
2020-01-28,37.3,37.4,36.63,36.96,2794518,0.0
2020-01-29,37.51,37.51,36.61,36.75,1614246,0.0
2020-01-30,35.65,36,34.6,35.91,6912596,0.0
2020-01-31,35.73,35.815,34.62,35.19,4627457,0.0
2020-02-03,35,35.97,34.35,35.81,6785689,0.0
2020-02-04,36.43,37.29,36.26,36.52,6134204,0.0
2020-02-05,37.09,37.09,35.21,35.705,4583624,0.0
2020-02-06,36.27,36.95,36.01,36.39,4779240,0.0
2020-02-07,36.21,36.21,34,34.28,9665616,0.0
2020-02-10,34.5,35.37,34.25,34.5,10631043,0.0
2020-02-11,34.95,36.295,34.74,36,8714443,0.0
2020-02-12,36.57,37.08,36,36.81,4810171,0.0
2020-02-13,36.2,37.72,36,37.42,5982578,0.0
2020-02-14,37.3,37.64,36.93,37.12,4001616,0.0
2020-02-18,37,37.08,36.11,36.44,6248839,0.0
2020-02-19,36.82,37.415,36.69,37.13,3902328,0.0
2020-02-20,37.12,37.6796,35.96,36.32,5599731,0.0
2020-02-21,36.25,36.25,34.405,34.56,11139976,0.0
2020-02-24,33,33.98,32.9,33.13,13952910,0.0
2020-02-25,34.18,34.26,32.78,32.8,12228684,0.0
2020-02-26,33.02,34.9,33.02,34.53,8935972,0.0
2020-02-27,34.08,35.84,33.9,35.18,12536426,0.0
2020-02-28,34,35.84,33.855,35.77,6933248,0.0
2020-03-02,37,37.57,36.46,37.51,8827421,0.0
2020-03-03,37.5,37.62,35.4,35.76,6071322,0.0
2020-03-04,36.43,36.48,35.76,36.28,5116891,0.0
2020-03-05,35.7,37.355,35.5535,36.12,8429764,0.0
2020-03-06,35.74,36.78,35.29,36.76,6878365,0.0
2020-03-09,35.01,37.4826,34.79,36.45,18456314,0.0
2020-03-10,37.14,38.14,36.7,37.69,12723637,0.0
2020-03-11,35.5,37.28,34.67,35.06,36538218,0.0
2020-03-12,33.9,34.2,32.5,32.82,25426380,0.0
2020-03-13,34.5,34.65,32.96,33.76,17427032,0.0
2020-03-16,31.14,33.48,30.2,32.18,17414992,0.0
2020-03-17,32.79,34.06,31.65,33.39,5861323,0.0
2020-03-18,31.56,32.79,31,31.77,10740261,0.0
2020-03-19,31.55,33.84,31.41,33.8,6329661,0.0
2020-03-20,34,35.74,33.38,33.57,5933637,0.0
2020-03-23,34.15,34.75,32.66,34.1,9965094,0.0
2020-03-24,35.05,36.13,34.76,36.09,5646601,0.0
2020-03-25,35.85,38.78,35.8,37.26,6845463,0.0
2020-03-26,37.02,38.48,36.71,36.99,11796790,0.0
2020-03-27,36.2,36.2,34.72,35.31,5952048,0.0
2020-03-30,35.53,36.16,35.24,35.63,2820881,0.0
2020-03-31,35.71,36.71,35.43,36.01,12080764,0.0
2020-04-01,35.73,37.33,35.42,35.87,9795133,0.0
2020-04-02,34.27,36.77,33.9,36.26,7304105,0.0
2020-04-03,36.4,37.65,36.22,36.9,7466635,0.0
2020-04-06,37.78,38.5,37.41,38.5,14123562,0.0
2020-04-07,38.6603,41.21,38.56,40.63,21524218,0.0
2020-04-08,40,40.48,38.93,39.69,13222480,0.0
2020-04-09,40.4,41.83,40.18,41.04,13168084,0.0
2020-04-13,41.02,42.09,40.8,41.42,4753914,0.0
2020-04-14,42.4,43.98,42.343,43.03,6585843,0.0
2020-04-15,42.34,44,42.34,43.89,19591844,0.0
2020-04-16,44.33,46.49,44.2,45.12,16100136,0.0
2020-04-17,45.68,45.79,42.77,44.47,24463673,0.0
2020-04-20,45.12,51.49,45.07,50.11,53201881,0.0
2020-04-21,50,51.5,48.37,50.93,29979115,0.0
2020-04-22,51.7,53.67,51.7,52.16,25339820,0.0
2020-04-23,51.5335,52.22,48.95,49.17,14606879,0.0
2020-04-24,49.6965,50.584,49.18,49.57,12034343,0.0
2020-04-27,51.15,51.88,50.605,51.19,17244514,0.0
2020-04-28,51.23,51.51,47.8301,48.06,6258253,0.0
2020-04-29,48.17,49.8,47.77,48.87,4703900,0.0
2020-04-30,48.53,48.87,46.75,47.43,8450619,0.0
2020-05-01,46.55,46.98,44.8,45.43,5253947,0.0
2020-05-04,45.72,47.33,45.08,46.4,9359996,0.0
2020-05-05,47.9,50.05,47.75,48.72,6494038,0.0
2020-05-06,49.65,50.29,49.02,49.2,3729790,0.0
2020-05-07,49.8,50.15,48.9,50.05,3891342,0.0
2020-05-08,50.89,55.12,50.72,54.61,14258522,0.0
2020-05-11,54.43,55.78,53.84,54.96,4644207,0.0
2020-05-12,55.78,60.6,55.7214,57.87,10380786,0.0
2020-05-13,59.0435,60.98,57.84,59.82,20542568,0.0
2020-05-14,58.38,61,57.35,60.84,12662744,0.0
2020-05-15,60.6,62.91,60.6,61.315,6672777,0.0
2020-05-18,62.59,67.0775,62.1612,66.47,14631672,0.0
2020-05-19,66.96,69.5,62.77,63.0899,8958388,0.0
2020-05-20,63.34,63.8899,59.78,60.9,10412861,0.0
2020-05-21,59.14,60.75,57.02,60.0399,11385926,0.0
2020-05-22,62.61,69.21,60.13,68.71,22780502,0.0
2020-05-26,69.69,69.69,63.3,64.88,30232612,0.0
2020-05-27,63.17,63.67,59.88,60.28,8183090,0.0
2020-05-28,59.77,61.99,59.56,60.36,4758704,0.0
2020-05-29,61.39,67.09,61.095,66.87,15510258,0.0
2020-06-01,65.91,67.462,64.8,65.72,10566792,0.0
2020-06-02,67.47,69.73,66.29,67.32,8605990,0.0
2020-06-03,68,69.99,67.1,68.15,10872542,0.0
2020-06-04,67.85,68.44,65.35,66.26,5284153,0.0
2020-06-05,67.75,73.17,67.56,69.7,19312782,0.0
2020-06-08,72.38,72.45,67.05,68.335,11437286,0.0
2020-06-09,68.25,69.55,67.46,69.38,8370024,0.0
2020-06-10,70.54,74,70.26,72.8,14227478,0.0
2020-06-11,71.14,74.85,70.9,71.52,7106759,0.0
2020-06-12,74.41,75.33,72.96,72.985,3158685,0.0
2020-06-15,72.66,78.44,72.31,77.67,10375428,0.0
2020-06-16,81.12,83.96,77.38,77.995,19886497,0.0
2020-06-17,78.82,83.89,78.5,82.81,17680476,0.0
2020-06-18,84.63,86.75,81.69,82.32,9269552,0.0
2020-06-19,85.89,89.25,84.41,87.62,14928103,0.0
2020-06-22,88.46,88.57,80.62,81.81,12455973,0.0
2020-06-23,83.06,86.19,82.86,83.62,8138171,0.0
2020-06-24,83.59,86.03,82.04,84.52,8598171,0.0
2020-06-25,84.39,87.5,83.6,86.08,5292636,0.0
2020-06-26,86.7,87.49,82.5,85.15,6820858,0.0
2020-06-29,84.62,87.96,83.4,87.47,4867838,0.0
2020-06-30,88.82,90.48,84.9572,85.84,7477690,0.0
2020-07-01,85,86.24,83,85.54,8824097,0.0
2020-07-02,87.85,95.48,86.605,93,16600943,0.0
2020-07-06,98.96,98.96,86.08,87,22511192,0.0
2020-07-07,88,92.1,83.3,91,13907501,0.0
2020-07-08,93,93.4,89.34,92.25,9611733,0.0
2020-07-09,93.15,94.2998,88.42,90.25,8439194,0.0
2020-07-10,88.61,89.62,86.21,87.3,6464294,0.0
2020-07-13,90.97,94.94,88.02,88.38,12496478,0.0
2020-07-14,86.9,87.9,80.09,87.24,13599280,0.0
2020-07-15,88.58,89.604,84.45,85.26,5836640,0.0
2020-07-16,81.51,84.84,81.1,83.42,6239670,0.0
2020-07-17,84.74,85.13,82.02,82.47,5175043,0.0
2020-07-20,81,85.05,80.77,84.84,5682683,0.0
2020-07-21,86.89,87.27,82.291,82.54,7164695,0.0
2020-07-22,82,83.46,79.51,80.7401,6679072,0.0
2020-07-23,81.1,82.46,78.6701,79.03,4490773,0.0
2020-07-24,76.2235,80.69,76,78.94,9620253,0.0
2020-07-27,79.13,83.59,77.53,83.44,8558778,0.0
2020-07-28,83.17,85.42,82.83,83.75,5607941,0.0
2020-07-29,85.39,86.9,83.87,83.98,3959048,0.0
2020-07-30,83.63,85.57,83.63,84.94,3337417,0.0
2020-07-31,86.43,92.66,86.13,91.8,12110589,0.0
2020-08-03,92.97,96.22,91.725,96.03,5544751,0.0
2020-08-04,95.86,97.33,92.7,94.02,4569708,0.0
2020-08-05,94.7,98.43,94.63,97.52,4995702,0.0
2020-08-06,97.45,98.18,91.3,91.62,6141285,0.0
2020-08-07,90.63,93.38,87.32,88.2,6617966,0.0
2020-08-10,88.785,89.4003,86.3273,87.49,3869586,0.0
2020-08-11,88.03,91.04,86.8,87.27,4964716,0.0
2020-08-12,88.16,90.96,86.6234,90.1,4228675,0.0
2020-08-13,90,91.13,88.14,88.85,2879510,0.0
2020-08-14,88.54,88.705,84.01,85.03,5489445,0.0
2020-08-17,90.79,91.55,85.71,89.18,10395561,0.0
2020-08-18,90.954,92.34,89.64,91.59,6856335,0.0
2020-08-19,91.56,96.74,91.4525,95.94,11993589,0.0
2020-08-20,95.07,98.2,94.5,97.15,12676071,0.0
2020-08-21,86.65,88.29,83.36,83.99,29661085,0.0
2020-08-24,85.62,85.99,82.4,83.15,14880977,0.0
2020-08-25,83.41,88.88,82.54,87.24,15007629,0.0
2020-08-26,88.6965,89.6,84.88,89.23,10427560,0.0
2020-08-27,89,89.78,86.4,88.82,7001920,0.0
2020-08-28,87.72,92.02,87.72,89.17,5819167,0.0
2020-08-31,89.23,89.75,87.8,88.94,5974164,0.0
2020-09-01,89.37,93.91,89.285,91.36,9449975,0.0
2020-09-02,92.85,93,87.15,90.29,6721590,0.0
2020-09-03,88,89.63,84.875,85.77,7694726,0.0
2020-09-04,85.4957,87.2,80.57,85.03,8123230,0.0
2020-09-08,81.62,83.48,79.58,81.71,5789250,0.0
2020-09-09,83.69,85.95,82.38,84.65,5656933,0.0
2020-09-10,86.895,87.549,83.14,83.94,5492231,0.0
2020-09-11,85.19,86.2,82.62,84.74,5290696,0.0
2020-09-14,85.74,86.79,83.8,85.34,4785661,0.0
2020-09-15,86.05,86.245,81.075,82.66,6335394,0.0
2020-09-16,82.92,84.42,80.88,82.55,4281081,0.0
2020-09-17,80.04,81.75,78.8,81.08,5054903,0.0
2020-09-18,81.8,81.8,77.6,79.85,8177958,0.0
2020-09-21,77.9,80.09,76.63,79.96,6453838,0.0
2020-09-22,79.65,80.59,78.6,80.04,4192277,0.0
2020-09-23,79.63,79.78,76.12,76.68,5756561,0.0
2020-09-24,75.6,76.915,72.15,75.29,12894282,0.0
2020-09-25,75,75.58,73.41,74.31,5077059,0.0
2020-09-28,75.61,76.03,73.21,75.1,5550516,0.0
2020-09-29,75.09,75.29,72.44,73.705,5667656,0.0
2020-09-30,73.74,75.58,72.85,74.15,5410277,0.0
2020-10-01,74.88,74.95,73.11,74.42,3001280,0.0
2020-10-02,72.17,74.05,71.28,71.4,5408949,0.0
2020-10-05,72.2,72.29,69.89,72.13,7688735,0.0
2020-10-06,72,74.69,71.31,72.99,5677919,0.0
2020-10-07,74.39,75.95,73.91,74.73,5281038,0.0
2020-10-08,75.03,76.25,73.01,73.43,3933703,0.0
2020-10-09,74,79.75,73.66,79.39,14004388,0.0
2020-10-12,81.88,85.3,80.7,84.72,10696855,0.0
2020-10-13,84.2,85.09,82.325,84.65,4320661,0.0
2020-10-14,85.48,87.1,82.18,82.72,3648526,0.0
2020-10-15,80.54,82.91,79.81,82.72,2992080,0.0
2020-10-16,83.78,85.86,83.35,84.01,3285208,0.0
2020-10-19,84.9,86.3,83.25,84.1,3621646,0.0
2020-10-20,85.44,91.55,85.04,89.07,8491370,0.0
2020-10-21,90.26,93.19,89.41,90.23,5631513,0.0
2020-10-22,90,91.5,86.58,87.77,4931462,0.0
2020-10-23,87.87,87.87,85.6,86.93,2689531,0.0
2020-10-26,86.26,88.7799,85.56,86.92,2402536,0.0
2020-10-27,88.1,90.95,87.5,90.31,3182220,0.0
2020-10-28,88.9774,90.66,87.67,89.91,3619508,0.0
2020-10-29,91.96,97.25,91.2,94.13,8390726,0.0
2020-10-30,93.56,95.3699,89.23,90,4527682,0.0
