Date,Open,High,Low,Close,Volume,OpenInterest
2016-11-10,77.89,79.49,74.77,75.91,2580424,0.0
2016-11-11,76,77.89,74.2,74.51,3270385,0.0
2016-11-14,74.79,74.82,73.59,74.04,2042388,0.0
2016-11-15,74.18,76.25,73.725,75.93,1650684,0.0
2016-11-16,75.36,76.48,75,76.12,1241814,0.0
2016-11-17,76.15,77.975,75.688,77.95,1277074,0.0
2016-11-18,77.82,78.94,76.915,78.24,1716433,0.0
2016-11-21,78.46,79.13,78.2,78.93,1147892,0.0
2016-11-22,79.23,80.14,78.99,79.36,910016,0.0
2016-11-23,79.21,79.51,78.02,78.3,1275741,0.0
2016-11-25,78.27,78.31,76.49,77.01,976604,0.0
2016-11-28,77.06,77.84,75.82,77.3,1349214,0.0
2016-11-29,77.09,77.72,76.28,77.22,1332515,0.0
2016-11-30,77.49,77.79,76.4383,76.85,1059525,0.0
2016-12-01,76.92,77.07,71.65,71.77,3295446,0.0
2016-12-02,71.69,73.445,71.65,73.33,1472931,0.0
2016-12-05,73.72,74.98,73.49,74.82,1970026,0.0
2016-12-06,75.33,76.55,74.82,76.17,2301932,0.0
2016-12-07,75.78,77.66,74.25,77.34,1913681,0.0
2016-12-08,77.3,79.74,76.98,79.52,2217229,0.0
2016-12-09,80.6,81.04,75.65,76.93,4007983,0.0
2016-12-12,76.36,77.08,75.37,76.26,1637181,0.0
2016-12-13,76.8,77.63,75.95,76.88,1370841,0.0
2016-12-14,76.49,77,74.62,75.14,2129264,0.0
2016-12-15,75.3,77.83,74.63,77.22,1611321,0.0
2016-12-16,77.51,78.59,76.67,76.81,1286431,0.0
2016-12-19,76.95,78.33,76.91,77.44,854852,0.0
2016-12-20,77.52,77.79,76.3198,76.61,1070576,0.0
2016-12-21,76.66,77.15,76.01,77.07,1085891,0.0
2016-12-22,77.93,78.33,77,78.16,1259681,0.0
2016-12-23,78.22,78.45,77.62,78.03,638141,0.0
2016-12-27,78.01,78.83,77.66,78.32,550571,0.0
2016-12-28,78.47,78.6,76.91,77.03,794640,0.0
2016-12-29,76.74,77.12,75.63,76.58,949499,0.0
2016-12-30,76.83,76.83,74.32,74.66,1414535,0.0
2017-01-03,75.22,76.24,74.4,75.15,2112477,0.0
2017-01-04,75.46,75.655,74.5,74.99,1294933,0.0
2017-01-05,74.79,75.38,73.94,74.57,1378323,0.0
2017-01-06,74.82,75.48,74.32,74.96,1264812,0.0
2017-01-09,75.96,76.96,75.23,75.65,1853470,0.0
2017-01-10,75.69,77.52,75.66,77.33,1436140,0.0
2017-01-11,77.33,78.72,76.51,78.41,1605209,0.0
2017-01-12,76.2,76.91,74.67,76.76,3591875,0.0
2017-01-13,76.91,78.49,76.69,78.34,1600864,0.0
2017-01-17,77.74,78.43,76.485,76.89,1946262,0.0
2017-01-18,77.39,79.27,77.16,79.27,2555842,0.0
2017-01-19,78.87,79.45,78.1805,78.46,2668295,0.0
2017-01-20,84.96,88.9,84.69,88.68,14125796,0.0
2017-01-23,88.87,91.07,87.72,90.17,5590757,0.0
2017-01-24,90.31,92.74,90.31,92.27,3879634,0.0
2017-01-25,92.98,93.78,91.32,91.87,2644998,0.0
2017-01-26,92,92.64,90.94,91.01,1822483,0.0
2017-01-27,91.55,92.44,91.25,92.01,1374853,0.0
2017-01-30,91.43,93.08,90.22,92.99,2074717,0.0
2017-01-31,92.32,92.479,90.28,91.74,2004441,0.0
2017-02-01,93.54,94.49,91.31,91.75,3230070,0.0
2017-02-02,90.8,91.535,90.06,91.11,2129549,0.0
2017-02-03,91.32,91.91,90.88,91.56,979783,0.0
2017-02-06,91.45,91.58,90.71,91.379,940450,0.0
2017-02-07,91.4,92.2,91.17,91.78,988138,0.0
2017-02-08,91.61,92.34,90.94,91.69,1499517,0.0
2017-02-09,92.07,93.1299,91.24,92.47,2319104,0.0
2017-02-10,92.73,92.75,91.41,92.21,1592286,0.0
2017-02-13,92.69,93.3,92.27,92.63,1044857,0.0
2017-02-14,92.32,92.48,90.53,91.81,1308437,0.0
2017-02-15,92.02,92.61,91.25,92.12,1255946,0.0
2017-02-16,92.34,92.56,91.6,92.43,1007717,0.0
2017-02-17,92.24,96.67,91.92,96.35,4741869,0.0
2017-02-21,96.63,97.51,95.7,96.57,2124134,0.0
2017-02-22,96.49,97.17,96.04,96.69,1025379,0.0
2017-02-23,96.86,96.94,94.3,95.31,1319780,0.0
2017-02-24,94.24,95,93.02,94.7,1081648,0.0
2017-02-27,94.54,95.68,93.85,95.63,907536,0.0
2017-02-28,95.61,95.85,94,94.81,1250511,0.0
2017-03-01,95.97,97.15,94.37,96.74,1838052,0.0
2017-03-02,96.98,97.57,94.71,94.76,1786186,0.0
2017-03-03,95.03,95.32,94.16,94.91,1205011,0.0
2017-03-06,94.21,95.71,93.425,95.45,1401340,0.0
2017-03-07,95.22,95.49,94.207,95.06,1199238,0.0
2017-03-08,96.36,96.91,95.39,96.69,3646230,0.0
2017-03-09,96.21,97.67,95.06,97.14,2011992,0.0
2017-03-10,97.74,98.7,97.5,98.18,1785827,0.0
2017-03-13,98.48,99.34,98.06,99.04,1372317,0.0
2017-03-14,98.74,98.94,97.95,98.79,898956,0.0
2017-03-15,98.71,99.38,98.12,99.1,1121705,0.0
2017-03-16,99.22,99.22,98,98.11,1454680,0.0
2017-03-17,98.51,98.61,97.51,97.93,1531212,0.0
2017-03-20,97.95,98.81,97.15,98.18,979761,0.0
2017-03-21,98.37,98.64,95.34,95.53,1382089,0.0
2017-03-22,95.47,96.78,94.59,96.74,1383310,0.0
2017-03-23,96.54,97.29,96.0278,96.5,809669,0.0
2017-03-24,97.36,98.35,96.88,97.3,986228,0.0
2017-03-27,96.41,97.714,95.33,97.19,791760,0.0
2017-03-28,97.31,98.7,96.55,97.93,862811,0.0
2017-03-29,97.85,97.85,97,97.23,818166,0.0
2017-03-30,97.29,98.5,97.06,98.14,941586,0.0
2017-03-31,98.18,98.49,97.71,97.98,766096,0.0
2017-04-03,98.15,98.48,96.95,97.72,799500,0.0
2017-04-04,98.68,100.7,98.14,99.35,2396938,0.0
2017-04-05,99.56,100.58,98.6101,98.89,1508957,0.0
2017-04-06,98.97,99.81,97.7313,99.42,1073949,0.0
2017-04-07,99.43,102.64,99.11,101.83,2638476,0.0
2017-04-10,101.9,102.54,100.66,101.53,1528547,0.0
2017-04-11,100.5,100.815,99.11,100.16,2380909,0.0
2017-04-12,100.23,100.4,96.98,97.58,2561714,0.0
2017-04-13,96.82,99.44,96.15,97.47,1731645,0.0
2017-04-17,97.92,98.88,97.92,98.77,619607,0.0
2017-04-18,98.18,99.596,98.05,99.03,1291986,0.0
2017-04-19,99.8,100.6,99.09,99.24,1351222,0.0
2017-04-20,99.5,101.88,99.35,101.63,1490164,0.0
2017-04-21,101.56,101.76,100.35,101.6,1156661,0.0
2017-04-24,103,105.34,102.9,103.91,2532173,0.0
2017-04-25,104.26,104.79,103.96,103.99,2341364,0.0
2017-04-26,104.3,104.3,102.07,102.96,1349707,0.0
2017-04-27,103.42,104.38,103.05,104.17,2203627,0.0
2017-04-28,102.91,104.33,99.57,99.75,3732176,0.0
2017-05-01,100.26,100.81,98.51,99.82,1893448,0.0
2017-05-02,100,100.73,99.33,100.67,1280471,0.0
2017-05-03,100.18,101.78,99.6,101.43,1349391,0.0
2017-05-04,101.32,102.435,100.88,100.92,1203803,0.0
2017-05-05,101.35,101.68,100.31,101.47,884485,0.0
2017-05-08,101.57,101.81,100.6,101.02,854963,0.0
2017-05-09,101.33,102.34,101.11,101.93,833040,0.0
2017-05-10,102.65,103.07,101.66,102.49,940335,0.0
2017-05-11,102.2,102.92,101.35,102.6,775771,0.0
2017-05-12,102.6,102.88,101.9,102.52,788736,0.0
2017-05-15,102.99,104.23,102.63,103.77,763374,0.0
2017-05-16,104.05,105.51,103.46,105.5,1305884,0.0
2017-05-17,104.5,104.72,100.47,100.55,1518669,0.0
2017-05-18,100.63,103.87,100.22,103.2,1415176,0.0
2017-05-19,103.65,104.315,103.31,103.87,904333,0.0
2017-05-22,104.45,105.1,104.121,104.96,837796,0.0
2017-05-23,105.02,105.38,103.56,105.17,684795,0.0
2017-05-24,105.49,105.98,104.7,105.42,655281,0.0
2017-05-25,105.65,107.18,105.1338,106.04,967775,0.0
2017-05-26,106,106.34,104.5,105.89,759017,0.0
2017-05-30,105.8,107.25,105.77,106.36,525187,0.0
2017-05-31,106.98,107,105.43,106.43,851283,0.0
2017-06-01,106.74,107.68,106.25,107.68,1201139,0.0
2017-06-02,108.35,108.67,106.51,108.42,1163532,0.0
2017-06-05,108.2,109.2,107.75,108.12,927242,0.0
2017-06-06,107.5,109.43,107.3,107.86,793812,0.0
2017-06-07,108,109.8,107.71,109.48,1100835,0.0
2017-06-08,109.82,111.06,108.82,111.01,1099013,0.0
2017-06-09,111.4,112.11,104.29,107,2281718,0.0
2017-06-12,105.26,105.85,101,103.76,3292129,0.0
2017-06-13,104.67,105.69,103.47,104.84,1348411,0.0
2017-06-14,105.27,105.555,101.02,102.47,1208297,0.0
2017-06-15,100.74,102.64,100.56,102.29,1238768,0.0
2017-06-16,102.12,103.61,101.085,101.89,1199101,0.0
2017-06-19,102.72,104.55,102.72,104.05,857244,0.0
2017-06-20,103.9,104.59,101.61,101.81,976934,0.0
2017-06-21,102.32,103.57,101.61,103.3,813909,0.0
2017-06-22,103.37,103.65,101.38,103.24,983196,0.0
2017-06-23,103.25,104.51,102.57,104.46,1461941,0.0
2017-06-26,104.47,105.25,101.26,101.3228,1479824,0.0
2017-06-27,100.5,100.62,97.71,97.87,2235657,0.0
2017-06-28,98.85,98.88,96.37,98.35,1878052,0.0
2017-06-29,97.96,98.42,94.35,96.12,2007260,0.0
2017-06-30,96.64,97.27,95.11,95.95,1194299,0.0
2017-07-03,96.44,97.48,95.145,95.37,862617,0.0
2017-07-05,95.79,97.82,95.76,97.53,1692317,0.0
2017-07-06,97.14,99.04,96.61,97.79,1675118,0.0
2017-07-07,98.19,100.42,98.06,99.74,1118510,0.0
2017-07-10,99.93,100.3,98.42,100.05,906598,0.0
2017-07-11,99.94,101.07,99.69,100.73,982209,0.0
2017-07-12,101.45,102.29,101.14,101.75,1121794,0.0
2017-07-13,102,103.18,101.48,102.75,1026301,0.0
2017-07-14,103.42,104.03,103.17,103.99,929387,0.0
2017-07-17,104.02,104.42,103.18,103.32,1246921,0.0
2017-07-18,103.05,103.87,101.87,103.82,928487,0.0
2017-07-19,104.44,105.4975,104.06,105.38,1307690,0.0
2017-07-20,106.18,108.21,105.5,107.68,3101415,0.0
2017-07-21,106.73,107.98,105.23,107.47,3101814,0.0
2017-07-24,107.65,107.73,105.37,105.89,2388657,0.0
2017-07-25,106.39,106.74,104.71,106.4,1320806,0.0
2017-07-26,107,107.94,106.3,107.35,914882,0.0
2017-07-27,107.61,108.555,105.55,107,2242310,0.0
2017-07-28,106.64,107.15,105.42,105.75,1012769,0.0
2017-07-31,106.37,106.51,104.39,104.88,813333,0.0
2017-08-01,105.11,105.38,103.5,104.28,1507499,0.0
2017-08-02,106.82,106.98,103.35,104.41,1500235,0.0
2017-08-03,104.43,104.53,101.29,101.78,1626403,0.0
2017-08-04,101.67,103.65,101,102.55,1323483,0.0
2017-08-07,102.29,104.7,102.29,104.53,910739,0.0
2017-08-08,104.5,105.98,104.25,104.73,905741,0.0
2017-08-09,103.7,105.07,103.5101,104.74,681679,0.0
2017-08-10,103.6,103.99,101.49,101.6,1239576,0.0
2017-08-11,101.71,103.59,101.45,103.2,784194,0.0
2017-08-14,104.04,105.66,103.81,105.47,928413,0.0
2017-08-15,105.69,106.11,104.83,105.8,576100,0.0
2017-08-16,106.1,106.1,105.09,105.91,629559,0.0
2017-08-17,105.48,105.56,102.11,102.21,1201823,0.0
2017-08-18,102.57,102.93,101.17,102.2,889981,0.0
2017-08-21,102.58,102.62,100.06,101.01,830473,0.0
2017-08-22,101.64,103.38,101.39,103,614756,0.0
2017-08-23,102.53,103.03,102.21,102.72,446437,0.0
2017-08-24,102.93,103.31,101.94,102.53,761779,0.0
2017-08-25,102.74,103.1268,101.5501,101.99,760380,0.0
2017-08-28,102.09,102.29,99.771,100.7,1471436,0.0
2017-08-29,99.98,101.97,99.11,101.53,813075,0.0
2017-08-30,101.8,104.08,101.24,103.93,866865,0.0
2017-08-31,104.01,105.6,103.67,105.36,999096,0.0
2017-09-01,105.56,106.38,105.43,105.57,745299,0.0
2017-09-05,106.79,108.94,105.33,106.94,1649118,0.0
2017-09-06,107.63,107.99,105.8,106.17,982901,0.0
2017-09-07,106.43,107.3,105.94,106.44,1110359,0.0
2017-09-08,106.05,106.35,104.31,104.65,583333,0.0
2017-09-11,105.75,107.4325,105.25,107.19,962204,0.0
2017-09-12,107.6,107.7499,106.6501,106.86,770301,0.0
2017-09-13,106.45,106.86,105.58,106.8,598883,0.0
2017-09-14,105.78,108.11,105.77,107.08,759522,0.0
2017-09-15,106.98,109.7252,106.71,109.54,1666590,0.0
2017-09-18,109.99,110.6068,107.375,107.49,1850529,0.0
2017-09-19,107.89,108.6639,107.22,107.93,769763,0.0
2017-09-20,108.24,108.28,101.76,103.51,2785031,0.0
2017-09-21,103.28,103.85,101.23,102.1,1415072,0.0
2017-09-22,101.71,103.52,101.5001,103.03,996610,0.0
2017-09-25,102.17,102.17,98.7,99.59,1832346,0.0
2017-09-26,100.36,100.75,98.97,99.351,1562131,0.0
2017-09-27,100.49,101.97,99.88,101.59,1145057,0.0
2017-09-28,101.31,101.94,100.52,101.23,737263,0.0
2017-09-29,101.34,102,100.82,101.89,776585,0.0
2017-10-02,102.11,102.86,101.25,102.28,889876,0.0
2017-10-03,102.28,103.05,101.39,101.67,554402,0.0
2017-10-04,102.2,103.38,101.8,103.32,1018764,0.0
2017-10-05,103.77,104.2,102.96,103.85,738628,0.0
2017-10-06,103.37,105.07,103.18,104.96,838129,0.0
2017-10-09,105.09,105.245,104.43,104.73,623294,0.0
2017-10-10,105,105.15,103.33,104.35,773312,0.0
2017-10-11,104.06,105.68,104.06,105.47,813926,0.0
2017-10-12,105.23,106.035,104.92,105.05,722487,0.0
2017-10-13,105.53,107.13,105.15,106.68,910254,0.0
2017-10-16,107.16,107.295,106.11,106.98,638672,0.0
2017-10-17,106.58,107.45,106.15,107.35,727070,0.0
2017-10-18,107.56,107.82,105.72,107.34,828255,0.0
2017-10-19,105.4,105.445,101.67,103.33,2612918,0.0
2017-10-20,104.47,105.31,103.85,105.12,1298135,0.0
2017-10-23,105.66,106.1,104.47,104.79,1005043,0.0
2017-10-24,104.67,106.04,104.25,105.2,1155895,0.0
2017-10-25,104.91,105.99,103.38,104.57,842876,0.0
2017-10-26,104.99,105.74,104.75,105.5,775935,0.0
2017-10-27,106.29,108.37,105.75,107.9,1789773,0.0
2017-10-30,108.4,112.3,108.13,112.01,2271079,0.0
2017-10-31,112.41,114.8,111.4367,113.86,2317772,0.0
2017-11-01,114.52,114.5999,110.5884,111.315,1905572,0.0
2017-11-02,111.21,111.9,108.6,111.75,1743401,0.0
2017-11-03,113.64,114.44,111.15,113.19,2199644,0.0
2017-11-06,115.24,117.65,114.3,116.6099,4692807,0.0
2017-11-07,109.87,113.24,107.75,111.21,6781083,0.0
2017-11-08,111.33,113.25,110.87,113.16,2037439,0.0
2017-11-09,111.71,112.6,109.53,111.14,1626244,0.0
2017-11-10,110.54,111.48,109.95,110.41,1511747,0.0
2017-11-13,109.29,110.9,108.57,110.34,809656,0.0
2017-11-14,109.92,111.739,109.74,111.22,989325,0.0
2017-11-15,110.17,110.57,107.14,108.9,1333161,0.0
2017-11-16,109.86,110.67,109.54,110.04,1077834,0.0
2017-11-17,110.35,110.62,108.89,110,983898,0.0
2017-11-20,109.63,110.54,109.4,109.79,849694,0.0
2017-11-21,110.3,111.08,109.81,110.23,1166625,0.0
2017-11-22,110.19,110.25,108.48,108.55,1197753,0.0
2017-11-24,108.67,109.85,108.42,109.73,415826,0.0
2017-11-27,109.2,109.21,107.14,107.21,1142300,0.0
2017-11-28,107.43,107.88,106.2325,107.56,1251063,0.0
2017-11-29,107.2,107.422,103.3813,105.34,2081772,0.0
2017-11-30,105.47,106.27,104.2819,104.72,1831492,0.0
2017-12-01,103.7,103.99,99.72,102.23,2395307,0.0
2017-12-04,102.95,102.95,98.23,98.27,2725736,0.0
2017-12-05,97.71,99.58,95.36,97.6,2160068,0.0
2017-12-06,95.19,97.12,93.05,96.47,4328329,0.0
2017-12-07,98.15,98.3,95.13,96.68,2679796,0.0
2017-12-08,97.94,98.3,95.79,96.28,1803069,0.0
2017-12-11,96.16,97.02,95.88,96.98,1144097,0.0
2017-12-12,96.24,97.22,95.01,96.48,2018632,0.0
2017-12-13,97.07,97.5,95.59,95.86,1371666,0.0
2017-12-14,95.74,96,93.6,94.09,2602052,0.0
2017-12-15,94.51,95.49,93.58,94.63,2292978,0.0
2017-12-18,95,96.24,94.63,95.85,1866021,0.0
2017-12-19,95.83,96.5234,95.3,95.67,1309663,0.0
2017-12-20,96.46,97.93,95.88,97.42,1658419,0.0
2017-12-21,98,98.95,97.32,97.49,1370646,0.0
2017-12-22,97.64,97.97,96.8,97.11,921612,0.0
2017-12-26,94.19,95.29,93.6,95.23,1852752,0.0
2017-12-27,95.27,96.51,95.13,95.81,835830,0.0
2017-12-28,96.45,96.72,95.97,96.53,651485,0.0
2017-12-29,96.49,96.71,94.93,94.97,1089768,0.0
2018-01-02,96.09,98.5,95.12,98.42,1595162,0.0
2018-01-03,98.73,100.49,98.54,99.95,1807458,0.0
2018-01-04,100.61,100.96,99.1,100.76,1282450,0.0
2018-01-05,101.12,102.08,100.15,101.2,1286717,0.0
2018-01-08,100.85,101.755,100.09,101.23,1142071,0.0
2018-01-09,101.54,101.8046,100.39,100.68,1156817,0.0
2018-01-10,100.09,100.48,97.57,98.6,1569526,0.0
2018-01-11,98.83,100.43,98.1,99.92,1128545,0.0
2018-01-12,100.2,101.62,99.77,101.2,1300999,0.0
2018-01-16,102.19,103.11,99.31,99.87,1712071,0.0
2018-01-17,100.78,102.51,100.28,102.19,1504803,0.0
2018-01-18,102.23,103.71,101.54,102.31,1344138,0.0
2018-01-19,102.35,102.47,98.05,99.17,2628783,0.0
2018-01-22,99.05,99.14,96.97,98.71,1614448,0.0
2018-01-23,98.53,100.73,98.131,99.37,2446358,0.0
2018-01-24,99.13,100.15,96.84,97.13,2514447,0.0
2018-01-25,98.1,98.32,95.02,95.05,2181495,0.0
2018-01-26,95.66,97.41,95.14,97.325,2004785,0.0
2018-01-29,96.68,97.57,96.08,97.1,2265184,0.0
2018-01-30,96.1,99.96,95.51,97.21,2388643,0.0
2018-01-31,98.75,99.1,96.26,97.21,2299183,0.0
2018-02-01,98.54,103.91,98.5,103.16,4066607,0.0
2018-02-02,102.28,102.49,98.93,98.98,2470565,0.0
2018-02-05,97.95,99.72,94.331,94.69,3957889,0.0
2018-02-06,101.04,106.74,100.75,104.56,6832009,0.0
2018-02-07,103.5,104.39,101.35,101.37,2416783,0.0
2018-02-08,101.51,103.31,99.03,99.04,2103927,0.0
2018-02-09,100.06,103.33,98.61,102.65,2371130,0.0
2018-02-12,103.11,105,102.48,104.12,1921106,0.0
2018-02-13,103.33,104.2,102.67,103.59,1111727,0.0
2018-02-14,102.82,105.1,102.79,104.63,1544723,0.0
2018-02-15,104.98,104.98,102.28,104.37,1690496,0.0
2018-02-16,103.63,105.17,103.6,104.12,1444843,0.0
2018-02-20,104.42,107.79,103.75,106.41,2032546,0.0
2018-02-21,106.6,107.399,105.73,106.01,1025890,0.0
2018-02-22,106.6,107.5,105.97,107.25,1836744,0.0
2018-02-23,108,108.35,107.01,108.23,1147893,0.0
2018-02-26,108.65,110.45,108.265,110.39,1341821,0.0
2018-02-27,110.01,112.28,110.01,110.3,1359379,0.0
2018-02-28,110.62,111.18,108.94,109.26,1117428,0.0
2018-03-01,109.55,109.62,106.29,106.59,1534372,0.0
2018-03-02,105.72,109.72,105.6,109.14,1337116,0.0
2018-03-05,109.22,111.56,108.3,111.48,1361666,0.0
2018-03-06,112,112.1,110.27,111.86,1419768,0.0
2018-03-07,110.9,112.33,110.64,111.53,869468,0.0
2018-03-08,111.95,111.95,110.16,111.45,916538,0.0
2018-03-09,112.22,114.05,111.88,113.56,1230946,0.0
2018-03-12,114.52,115.98,113.81,115.15,1909507,0.0
2018-03-13,115.4,115.8,111.3792,112,1941478,0.0
2018-03-14,112.1,112.2,110.41,111.96,1007661,0.0
2018-03-15,111.86,112.16,110.5,111.28,866655,0.0
2018-03-16,111.45,111.91,110.45,110.62,1113046,0.0
2018-03-19,110.33,110.98,107.5,109.35,1325092,0.0
2018-03-20,109.16,109.33,107.69,109.06,870817,0.0
2018-03-21,109,110.32,107.73,108.47,1158151,0.0
2018-03-22,106.87,108.575,105.18,105.26,1149857,0.0
2018-03-23,105.32,105.55,101.37,101.42,1831690,0.0
2018-03-26,104.03,105,102.35,104.92,1339885,0.0
2018-03-27,105.5,105.54,100.85,101.51,957292,0.0
2018-03-28,100.85,102.69,98.39,98.83,1486352,0.0
2018-03-29,99.72,101.24,98.85,100.25,1390318,0.0
2018-04-02,99.88,99.88,95.6873,96.53,1308802,0.0
2018-04-03,97.02,98.14,95.95,97.64,1467669,0.0
2018-04-04,95.62,99.88,95.59,99.64,1561948,0.0
2018-04-05,99.9,100.84,98.0863,98.8,779075,0.0
2018-04-06,97.66,98.565,95.22,95.56,1187224,0.0
2018-04-09,96.53,98.75,95.97,96.01,875274,0.0
2018-04-10,98.13,98.75,96.53,98,818567,0.0
2018-04-11,97.55,98.95,97.22,98.35,791018,0.0
2018-04-12,98.83,100.19,98.51,99.92,878326,0.0
2018-04-13,100.55,100.98,98.15,98.47,797205,0.0
2018-04-16,98.86,99.5,97.27,97.72,1310392,0.0
2018-04-17,98.34,99.86,97.88,99.44,969807,0.0
2018-04-18,99.21,99.73,97.92,98.97,868867,0.0
2018-04-19,97.22,97.2399,93.73,93.88,2243802,0.0
2018-04-20,93.37,93.7,90.38,91.18,3962336,0.0
2018-04-23,91.5,91.78,88.47,88.64,2055687,0.0
2018-04-24,88.46,89.66,86.86,87.76,1950470,0.0
2018-04-25,87.8997,88.74,86.31,87.81,1577706,0.0
2018-04-26,88.9,89.65,87.92,88.4,1577953,0.0
2018-04-27,88.77,89.03,86.94,87.07,974915,0.0
2018-04-30,87.09,88.46,86.13,86.75,1589514,0.0
2018-05-01,86.85,91.03,86.75,90.91,3131075,0.0
2018-05-02,93.1,93.75,90.66,91.37,2324018,0.0
2018-05-03,90.5,92.98,89.53,92.26,2591585,0.0
2018-05-04,89.83,96.28,88,96.2,3960964,0.0
2018-05-07,96.27,96.4475,92.47,95.34,2950600,0.0
2018-05-08,95.42,96.799,95.3,96.63,1433112,0.0
2018-05-09,96.71,96.98,94.4955,95.54,1589141,0.0
2018-05-10,95.91,97.17,95.8,97.06,1336119,0.0
2018-05-11,96.88,97.73,96.57,97.03,1194194,0.0
2018-05-14,98.1,100.2,97.65,99.02,1112662,0.0
2018-05-15,98.31,98.328,97.13,97.9,1704672,0.0
2018-05-16,98.42,98.88,97.93,98.84,960393,0.0
2018-05-17,98.42,100.1,98.3,99.71,1031360,0.0
2018-05-18,98.31,99.1799,97.85,98.5,1432083,0.0
2018-05-21,99.65,100.37,98.2,98.835,1382808,0.0
2018-05-22,99.41,101.29,99.1633,100.04,1106278,0.0
2018-05-23,99.1,100.08,98.84,100.07,1095598,0.0
2018-05-24,100.18,100.48,99.08,99.59,1067809,0.0
2018-05-25,99.54,100.71,99.54,100.37,685556,0.0
2018-05-29,99.67,100.7,98.59,99.44,1294579,0.0
2018-05-30,100.01,100.55,98.7,99.79,964603,0.0
2018-05-31,99.38,99.65,98.54,98.62,1295610,0.0
2018-06-01,99.28,101,98.6,100.97,897624,0.0
2018-06-04,100.72,100.96,99.5,100.34,1218221,0.0
2018-06-05,100.73,101.26,99.07,99.54,925775,0.0
2018-06-06,99.79,100.38,98.82,100.34,1184684,0.0
2018-06-07,100.47,104.1998,100.21,102.5,1757973,0.0
2018-06-08,99.07,100.35,98.18,99.8,2216941,0.0
2018-06-11,99.81,100.255,99.11,99.68,788175,0.0
2018-06-12,99.62,101.13,99.3,100.88,899028,0.0
2018-06-13,101.1,101.63,100.311,100.45,700713,0.0
2018-06-14,100.82,102.28,100.535,101.97,808987,0.0
2018-06-15,101.86,102.78,100.3852,102.7,1069123,0.0
2018-06-18,102.1,102.31,100.3604,101.1,921647,0.0
2018-06-19,99.19,100.6,98.42,99.45,1120992,0.0
2018-06-20,100.23,100.86,99.93,100.02,925567,0.0
2018-06-21,100.35,100.57,98.79,98.86,648082,0.0
2018-06-22,99.76,100.03,98.07,98.56,705979,0.0
2018-06-25,97.96,98.15,95.811,97.4,1262726,0.0
2018-06-26,97.49,98.86,96.87,97.81,1044574,0.0
2018-06-27,98.29,98.9197,95.94,95.98,953192,0.0
2018-06-28,95.99,97.04,95.33,96.55,794282,0.0
2018-06-29,96.81,97.81,96.59,96.66,833354,0.0
2018-07-02,95.46,97.195,95.05,97.06,1132114,0.0
2018-07-03,97.2,97.86,95.3,95.46,792072,0.0
2018-07-05,96.5,99.75,96.5,99.67,1318569,0.0
2018-07-06,99.45,100.45,98.59,100.13,800586,0.0
2018-07-09,100.51,100.64,99.27,100.44,532800,0.0
2018-07-10,100.46,102.1,100.135,101.64,696960,0.0
2018-07-11,100.38,101.02,98.39,98.56,838036,0.0
2018-07-12,99.65,100.26,97.89,99.82,1248622,0.0
2018-07-13,99.65,100.23,99.02,99.6,636507,0.0
2018-07-16,99.9,100.625,99.11,99.76,1023844,0.0
2018-07-17,98.94,101.73,98.91,101.69,1142927,0.0
2018-07-18,101.97,102.9,101.35,102.04,1533468,0.0
2018-07-19,101.92,102.89,100.72,102.5,1526854,0.0
2018-07-20,103.25,103.95,96.5,97.01,5930637,0.0
2018-07-23,96.5,96.93,93.81,96.44,2670136,0.0
2018-07-24,97.32,97.399,94.3,94.45,1761813,0.0
2018-07-25,94.24,95.21,92.72,94.82,1817237,0.0
2018-07-26,94.71,95.57,94,95.475,1170308,0.0
2018-07-27,96,96.6,94.6941,95.2,705013,0.0
2018-07-30,95.16,95.41,93.9152,94.43,611620,0.0
2018-07-31,95.09,95.71,94.035,94.57,686678,0.0
2018-08-01,95.36,95.8983,94.315,94.68,795352,0.0
2018-08-02,93.65,95.8111,92.8999,95.62,815598,0.0
2018-08-03,95.66,95.92,94.96,95.6,788870,0.0
2018-08-06,93.9,95.14,93,95.1,1323366,0.0
2018-08-07,95.42,96.11,95.04,96.08,778743,0.0
2018-08-08,96.06,96.25,95.39,95.42,675949,0.0
2018-08-09,95.19,95.22,94.16,94.33,1141844,0.0
2018-08-10,93.47,93.74,92.24,93.09,1421468,0.0
2018-08-13,93.58,94.3,93.07,93.83,1063593,0.0
2018-08-14,94.03,94.25,92.62,92.71,801753,0.0
2018-08-15,91.95,92.12,90.58,91.61,1147336,0.0
2018-08-16,92.3,92.49,91.06,91.42,825858,0.0
2018-08-17,90.66,92.03,89.1,91.85,1202227,0.0
2018-08-20,91.91,91.9661,90.58,90.97,743462,0.0
2018-08-21,91.16,92.91,91.1434,92.69,797500,0.0
2018-08-22,92.28,92.885,91.51,92.73,614958,0.0
2018-08-23,92.52,93.47,92.16,92.3,588777,0.0
2018-08-24,92.85,93.285,92.34,93.01,989976,0.0
2018-08-27,93.21,94.38,92.82,93.62,779130,0.0
2018-08-28,93.94,94.32,92.84,93.59,722110,0.0
2018-08-29,93.77,93.77,92.795,93.02,788046,0.0
2018-08-30,92.87,93.1,91.49,91.5,931298,0.0
2018-08-31,91.35,91.93,90.98,91.28,986869,0.0
2018-09-04,91.12,91.6104,89.6872,90,1483809,0.0
2018-09-05,89.8,89.96,88.901,89.75,1721736,0.0
2018-09-06,89.79,90.93,88.445,88.66,1620898,0.0
2018-09-07,88.51,89.27,87.325,87.49,1816136,0.0
2018-09-10,87.55,88,86.66,87.16,1592083,0.0
2018-09-11,86.76,86.96,84.7,85.84,1754838,0.0
2018-09-12,85.09,85.31,83.05,84.38,1665136,0.0
2018-09-13,85,87.6,84.87,87.2,2079144,0.0
2018-09-14,87.54,89.23,87.13,87.73,1474081,0.0
2018-09-17,87.09,88.06,86.08,86.23,1145926,0.0
2018-09-18,86.26,87.19,86.26,86.8,989343,0.0
2018-09-19,87.5,89.21,86.9,88.86,1627183,0.0
2018-09-20,89.6,92.11,89.45,91.6,2420857,0.0
2018-09-21,91.27,92.535,90.77,92.16,1770533,0.0
2018-09-24,91.74,93.62,90.7,93.18,1176574,0.0
2018-09-25,93.04,93.3,91.25,91.72,1337000,0.0
2018-09-26,90.75,91.41,89.8,90.04,1299161,0.0
2018-09-27,90.28,90.73,89.6205,89.94,630741,0.0
2018-09-28,89.7,90.82,88.91,90.72,663009,0.0
2018-10-01,91.28,92.155,90.8,91.45,779352,0.0
2018-10-02,91.26,93.02,91.26,91.88,702277,0.0
2018-10-03,92.32,93.07,91.03,92.45,1093585,0.0
2018-10-04,92,92.01,90.09,91.05,854172,0.0
2018-10-05,90.65,90.8705,86.61,87.55,1544885,0.0
2018-10-08,87.24,87.94,86.36,87.57,731654,0.0
2018-10-09,87.7,88.7,87.3,88.53,783324,0.0
2018-10-10,87.29,87.35,84.79,84.79,1356638,0.0
2018-10-11,84.67,87.11,84.43,85.26,1102360,0.0
2018-10-12,87.24,87.73,85.91,87.21,1190537,0.0
2018-10-15,86.75,88.07,86.25,87.04,1106014,0.0
2018-10-16,87.78,88.97,87.46,88.7,1231424,0.0
2018-10-17,89.06,89.27,87.4,88.37,804790,0.0
2018-10-18,87.82,88,85.8755,86.24,872831,0.0
2018-10-19,86.59,87.47,84.7708,85.15,892824,0.0
2018-10-22,85.82,86.5,84.535,85.22,960718,0.0
2018-10-23,82.94,84.89,80.56,84.32,1602247,0.0
2018-10-24,83.42,83.42,79.27,79.36,1257859,0.0
2018-10-25,80.66,82.43,80.02,81.86,1073604,0.0
2018-10-26,80.13,82.17,79.465,81.07,1017196,0.0
2018-10-29,82.35,83.6,80.58,81.91,1141444,0.0
2018-10-30,82.12,84.86,81.9,84.67,1217152,0.0
2018-10-31,85.83,87.43,84.44,86.77,1669589,0.0
2018-11-01,87.23,90.41,87,89.49,1262911,0.0
2018-11-02,87.43,87.98,84.32,85.23,1930576,0.0
2018-11-05,84.26,84.34,81.2,83.01,1913022,0.0
2018-11-06,82.75,84.12,82.33,82.64,1567176,0.0
2018-11-07,83.4,83.57,81.68,82.65,2542102,0.0
2018-11-08,82.21,84.31,81.4356,83.37,2021811,0.0
2018-11-09,77.43,79.89,75.15,76.65,7103045,0.0
2018-11-12,73.93,75.8,72.63,72.81,3490666,0.0
2018-11-13,73.49,74.65,71.6305,72.08,2587792,0.0
2018-11-14,73,73.383,70.72,71.29,3298575,0.0
2018-11-15,71.1,73.38,70.89,73.14,3569398,0.0
2018-11-16,72.3,73.58,72.09,72.95,2361642,0.0
2018-11-19,72.17,72.71,70.57,70.73,2019502,0.0
2018-11-20,68.8,70.08,68.45,69.42,3624237,0.0
2018-11-21,70.33,70.96,69.54,70.33,2135595,0.0
2018-11-23,69.57,71.225,69.52,70.6,905255,0.0
2018-11-26,71.37,71.91,70,70.97,2139019,0.0
2018-11-27,70.25,71.6,69.825,70.68,1907898,0.0
2018-11-28,71.66,72.22,70.061,72.18,2036977,0.0
2018-11-29,71.69,72.75,71.14,71.23,2035666,0.0
2018-11-30,71.38,72.9,70.465,72.75,2239200,0.0
2018-12-03,74.93,74.95,73.23,73.45,2202602,0.0
2018-12-04,72.81,73.42,70.69,70.78,2298826,0.0
2018-12-06,69.11,70.69,69.02,70.62,2224250,0.0
2018-12-07,70.32,70.79,67.38,67.55,1735461,0.0
2018-12-10,66.2,67.75,65.81,67.47,2354273,0.0
2018-12-11,68.77,70.015,68.02,68.53,2256939,0.0
2018-12-12,69.55,70.465,68.7,69.3,1972221,0.0
2018-12-13,69.91,70.43,69.28,69.63,1498770,0.0
2018-12-14,68.76,70,68.39,68.69,1333230,0.0
2018-12-17,68.5,70.395,68.05,68.44,1387281,0.0
2018-12-18,68.92,70.53,68.5701,68.79,1409678,0.0
2018-12-19,68.37,69.33,65.7601,66.35,1703370,0.0
2018-12-20,66,67.41,64.47,65.65,1897765,0.0
2018-12-21,66.3,67.5,63.91,64.44,2568765,0.0
2018-12-24,63.82,65.51,62.71,62.77,1171717,0.0
2018-12-26,63.49,66.8,62.74,66.7,1554436,0.0
2018-12-27,65.49,67.75,65.39,67.75,1223007,0.0
2018-12-28,67.87,68.405,66.81,67.13,1325119,0.0
2018-12-31,67.8,68.06,66.38,66.57,967982,0.0
2019-01-02,65.86,68.95,65.75,67.91,1645700,0.0
2019-01-03,64.8,65.26,60.115,60.885,4163658,0.0
2019-01-04,61.16,64.65,61.16,63.635,3519774,0.0
2019-01-07,63.05,65.65,62.91,64.51,1903483,0.0
2019-01-08,64.95,65.5,63.76,65.17,1589626,0.0
2019-01-09,65.91,68.5,65.8,67.59,3026180,0.0
2019-01-10,67.5,69.4,67.3,68.58,1832923,0.0
2019-01-11,68.31,70.9212,68.01,69.93,2176563,0.0
2019-01-14,69.66,69.66,68.34,68.41,1181145,0.0
2019-01-15,68.66,69.11,68.13,68.41,984828,0.0
2019-01-16,68.45,69.81,68.3338,68.82,1186721,0.0
2019-01-17,68.28,69.71,67.12,68.95,1261990,0.0
2019-01-18,69.3,70.66,68.8,69.89,2076265,0.0
2019-01-22,69.72,69.82,68.43,68.75,1313239,0.0
2019-01-23,69.13,69.47,67.59,68.29,994997,0.0
2019-01-24,69.16,70.8,68.5,70.06,1448620,0.0
2019-01-25,71.39,73.09,70.68,72.445,1746770,0.0
2019-01-28,71.26,72.95,70.69,72.81,1437834,0.0
2019-01-29,72.49,72.79,71.29,71.535,1257067,0.0
2019-01-30,72.96,74.08,71.981,73.85,1627225,0.0
2019-01-31,73.65,73.9,72.62,73.05,1373248,0.0
2019-02-01,73.32,74.4497,73.2,73.955,1565649,0.0
2019-02-04,74.1,74.9,73,74.87,1452935,0.0
2019-02-05,75.26,76.15,74.9,75.9,2225162,0.0
2019-02-06,81.93,87.48,81.75,84.78,8236401,0.0
2019-02-07,85.05,85.15,81.43,81.5499,3230733,0.0
2019-02-08,80.47,81.72,79.88,81.565,2394503,0.0
2019-02-11,81.83,82.25,80.61,81.74,1454993,0.0
2019-02-12,82.66,84.14,82.45,83.655,1660064,0.0
2019-02-13,83.91,84.13,82.89,83.01,1252552,0.0
2019-02-14,82.2,83.99,82.2,83.69,2190076,0.0
2019-02-15,84.38,84.47,83.15,83.39,1056431,0.0
2019-02-19,83.11,83.35,82.53,82.7,1077180,0.0
2019-02-20,83.19,83.57,82.17,82.32,1879209,0.0
2019-02-21,82.26,82.93,81.06,81.76,1675542,0.0
2019-02-22,82.46,82.78,81.86,82.42,2147532,0.0
2019-02-25,83.51,84.06,82.29,82.39,1783643,0.0
2019-02-26,82.3,82.93,82,82.01,995351,0.0
2019-02-27,81.6,81.68,79.74,81.21,1302762,0.0
2019-02-28,80.81,82.08,80.67,81.67,1228006,0.0
2019-03-01,82.3,82.76,80.91,81.99,1209395,0.0
2019-03-04,82.79,82.98,81.26,82.22,1381123,0.0
2019-03-05,82,82.702,81.36,81.86,1290848,0.0
2019-03-06,81.94,82.4405,80.96,80.99,1054600,0.0
2019-03-07,80.72,80.95,79.15,79.47,1269923,0.0
2019-03-08,78.39,80.37,78.04,80.13,976300,0.0
2019-03-11,80.59,82.1456,80.5713,81.48,942597,0.0
2019-03-12,81.74,82.77,81.19,82.25,1147071,0.0
2019-03-13,82.81,82.9,81.61,81.73,1441904,0.0
2019-03-14,81.88,82.85,81.01,81.4,1602181,0.0
2019-03-15,85.055,85.34,83.72,83.73,1687226,0.0
2019-03-18,83.87,84.09,81.99,82.59,1233630,0.0
2019-03-19,83.21,84.605,83.1025,83.41,1231686,0.0
2019-03-20,83.38,83.52,81.2,81.75,1703804,0.0
2019-03-21,81.76,86.89,81.76,86.06,2097076,0.0
2019-03-22,85.63,85.84,82.42,82.59,1851929,0.0
2019-03-25,82.27,82.75,80.13,81.48,1720650,0.0
2019-03-26,82.1,82.78,81.37,82.13,968214,0.0
2019-03-27,82.12,82.6,79.89,80.59,1065456,0.0
2019-03-28,80.76,81.63,79.96,80.53,783389,0.0
2019-03-29,81.44,82.77,80.99,82.46,1338633,0.0
2019-04-01,83.34,84.4,83.25,83.85,550648,0.0
2019-04-02,83.94,84.54,83.75,84.16,574271,0.0
2019-04-03,85.12,86.72,84.77,85.36,1542765,0.0
2019-04-04,85.17,86.54,85.05,85.52,1117313,0.0
2019-04-05,85.74,86.97,85.7322,86.81,911470,0.0
2019-04-08,86.6,87.81,86.04,87.64,1191824,0.0
2019-04-09,87.16,87.3904,86.47,87.1,967922,0.0
2019-04-10,86.76,88.23,86.51,88.08,870325,0.0
2019-04-11,88.23,89.71,87.71,88.25,1192347,0.0
2019-04-12,89.05,90.69,88.67,90.66,1385891,0.0
2019-04-15,90.8,91,89.34,90.29,1101206,0.0
2019-04-16,91,93.59,90.6599,93.57,1922273,0.0
2019-04-17,93.35,94.39,90.38,91.19,2856836,0.0
2019-04-18,91.6,91.855,89.775,90,1310598,0.0
2019-04-22,89.5,89.68,88.15,88.3,1048906,0.0
2019-04-23,88.27,89.54,87.91,89.24,1349227,0.0
2019-04-24,89.23,90.64,89.01,89.87,974391,0.0
2019-04-25,89.61,89.725,87.15,88.53,954315,0.0
2019-04-26,87.37,87.67,85.5,87,2045608,0.0
2019-04-29,86.69,87.74,86.57,86.79,1453679,0.0
2019-04-30,87.02,88.28,86.52,88.19,1500237,0.0
2019-05-01,90.19,91.2,88.46,88.48,1993762,0.0
2019-05-02,88.52,91.34,88.38,90.8,3082823,0.0
2019-05-03,88.61,89.95,84.04,87.56,5677308,0.0
2019-05-06,84.04,86.79,83.76,86.5,2162078,0.0
2019-05-07,85.09,85.5,82.64,83.6,2367999,0.0
2019-05-08,83.45,85.16,82.99,84.02,1587645,0.0
2019-05-09,83,83.98,81.56,83.64,1604972,0.0
2019-05-10,83.13,83.63,80.6,82.57,1530462,0.0
2019-05-13,80,80.39,76.07,76.62,2630197,0.0
2019-05-14,77.95,78.57,77.42,78.11,1460907,0.0
2019-05-15,77.43,79.39,77.1744,78.75,1190508,0.0
2019-05-16,76.25,76.94,73.11,73.98,4044997,0.0
2019-05-17,72.12,73.16,69.91,70.4,3918188,0.0
2019-05-20,67.68,69.87,67.11,68.03,3937759,0.0
2019-05-21,70.01,71.44,68.8,69.75,3261948,0.0
2019-05-22,68.91,69.56,68.3,68.54,1621791,0.0
2019-05-23,67.28,68.56,66.35,68.4634,2357598,0.0
2019-05-24,69.17,70.95,68.89,69.54,3298374,0.0
2019-05-28,69.95,70.355,67.94,68.01,1452955,0.0
2019-05-29,67.54,68.7197,67.13,68.54,1523951,0.0
2019-05-30,68.51,70.13,67.79,68.26,1584714,0.0
2019-05-31,67.23,68.6355,66.61,66.6149,1259633,0.0
2019-06-03,67.26,68.07,66.29,66.9,1237629,0.0
2019-06-04,67.97,69.47,67.53,69.4,1371739,0.0
2019-06-05,69.5,70.69,66.57,67.96,2182393,0.0
2019-06-06,68.05,69.77,67.79,69.47,2311859,0.0
2019-06-07,69.33,70.38,68.68,70.17,1843682,0.0
2019-06-10,70.89,73.4695,70.75,73.11,2427610,0.0
2019-06-11,74.21,74.73,73.37,73.97,2537607,0.0
2019-06-12,73.36,73.458,72.34,72.66,1183508,0.0
2019-06-13,72.97,73.74,72.68,73.33,2134506,0.0
2019-06-14,71.58,72.2711,70.31,71.81,3682356,0.0
2019-06-17,71.65,72.59,70.94,72.44,1791094,0.0
2019-06-18,73.18,76.42,72.79,75.73,2471055,0.0
2019-06-19,75.95,76.38,74.8,75.53,1317386,0.0
2019-06-20,77.22,77.51,75.12,75.87,1455932,0.0
2019-06-21,75.5,75.79,74.7411,75.22,2102932,0.0
2019-06-24,75.16,76.3898,75,75.94,1122204,0.0
2019-06-25,75.96,76.16,74.24,74.33,1354704,0.0
2019-06-26,76.14,77.16,75.73,75.83,1596167,0.0
2019-06-27,76.58,77.84,76.3612,76.94,1230274,0.0
2019-06-28,77.56,77.87,77.035,77.28,1193950,0.0
2019-07-01,83.26,84.5,80.96,81.92,3678250,0.0
2019-07-02,81.61,81.77,80.19,80.84,1510812,0.0
2019-07-03,81.41,81.67,79.54,80.67,828127,0.0
2019-07-05,79.95,80.7,79.79,80.35,640191,0.0
2019-07-08,79.44,80.055,78.9,79.36,996424,0.0
2019-07-09,78.68,79.84,78.16,79.775,1126488,0.0
2019-07-10,80.7,81.38,79.85,79.9,1001863,0.0
2019-07-11,80.13,80.35,78.555,79.18,1075466,0.0
2019-07-12,79.34,81.04,79.34,81.01,1013656,0.0
2019-07-15,81.4,82.34,81.2,82.04,1098553,0.0
2019-07-16,82,82.08,80.93,81.32,1495742,0.0
2019-07-17,81.99,81.99,80.09,80.1,1468864,0.0
2019-07-18,80.65,81.7767,79.88,81.46,1898313,0.0
2019-07-19,81.85,81.85,81.03,81.34,1717581,0.0
2019-07-22,81.78,83.41,81.73,83.27,1759218,0.0
2019-07-23,83.92,84.83,83.47,84.54,1910207,0.0
2019-07-24,85,86.97,84.81,86.35,2429470,0.0
2019-07-25,86.02,86.17,85.11,85.68,1460167,0.0
2019-07-26,86.13,86.36,85.47,85.98,871738,0.0
2019-07-29,85.98,87.1499,85.38,86.81,1088874,0.0
2019-07-30,86.08,87.83,85.84,87.75,1109407,0.0
2019-07-31,88.77,88.77,84.5,85.26,1256672,0.0
2019-08-01,85,87.7,81.4645,82.77,2860246,0.0
2019-08-02,81.91,82,78.79,79.31,2670079,0.0
2019-08-05,77.08,77.63,75.15,75.81,2575242,0.0
2019-08-06,76.81,77.86,76.395,77.65,2108442,0.0
2019-08-07,76.33,79.99,76.33,79.88,2888336,0.0
2019-08-08,76.74,80.4,75.72,80.29,4510040,0.0
2019-08-09,78.52,79.39,76.36,77.5,2537825,0.0
2019-08-12,77.04,77.48,75.88,76.27,1648910,0.0
2019-08-13,75.94,79.73,75.5412,78.44,1812216,0.0
2019-08-14,76.51,77.685,75.7248,75.99,1691777,0.0
2019-08-15,76.33,76.47,75.31,75.54,1295370,0.0
2019-08-16,76.45,77.02,76,76.62,1347496,0.0
2019-08-19,78.25,78.65,76.9,77.09,1008422,0.0
2019-08-20,76.49,77.34,76.1,76.74,1199582,0.0
2019-08-21,78.06,78.19,76.975,77.6,1172147,0.0
2019-08-22,77.79,78,76.5,76.91,980676,0.0
2019-08-23,76.16,76.545,73.33,73.54,2065425,0.0
2019-08-26,74.39,74.49,73.505,73.76,1061096,0.0
2019-08-27,74.23,74.68,72.81,72.84,1096005,0.0
2019-08-28,72.33,73.56,71.51,73.37,1110837,0.0
2019-08-29,74.51,75.53,74.03,74.93,1106774,0.0
2019-08-30,75.48,75.63,74.31,75.27,1059824,0.0
2019-09-03,74.86,75.24,73.625,74.18,1140171,0.0
2019-09-04,75.45,76.28,75.33,76.03,965438,0.0
2019-09-05,77.58,79.34,77.56,79.33,2083606,0.0
2019-09-06,79.28,80.14,79,79.88,1315518,0.0
2019-09-09,80.18,80.8293,79.08,79.73,1183030,0.0
2019-09-10,79.5,80.3,78.59,80.3,1178858,0.0
2019-09-11,81,83.5949,80.62,83.5,2023923,0.0
2019-09-12,83.87,84,81.74,82.34,1807001,0.0
2019-09-13,82.15,83.11,82.07,82.13,1521394,0.0
2019-09-16,81.78,82.54,80.61,81.97,1049576,0.0
2019-09-17,81.16,81.6099,79.62,80.96,1447056,0.0
2019-09-18,80.82,80.82,78.87,80.23,1188605,0.0
2019-09-19,80.3,81.48,79.23,79.24,1342418,0.0
2019-09-20,79.85,80.96,79.32,79.68,1673471,0.0
2019-09-23,79.68,80.97,79.4,79.82,796250,0.0
2019-09-24,80.09,80.74,78.96,79.75,1323977,0.0
2019-09-25,79.23,81.02,78.81,81,1101977,0.0
2019-09-26,79.7,80.73,79.39,80.37,2159074,0.0
2019-09-27,80.09,80.74,77.2,77.46,2588395,0.0
2019-09-30,78.19,79.335,77.88,79.26,1594432,0.0
2019-10-01,79.81,81.005,77.35,77.36,1795267,0.0
2019-10-02,76.73,76.9833,75.03,75.43,1866626,0.0
2019-10-03,75.75,77.44,74.42,77.3,1232640,0.0
2019-10-04,79,80.7,78.8,80.64,3191296,0.0
2019-10-07,80.56,81.71,80.24,80.88,2568479,0.0
2019-10-08,80.3,80.6,78.93,79.01,3263334,0.0
2019-10-09,80.1,81.13,79.58,80.7,2333018,0.0
2019-10-10,83.11,85.49,83.05,84.88,5362786,0.0
2019-10-11,86.05,86.47,83.61,85.41,4734799,0.0
2019-10-14,85,85.32,84.6,84.97,2358113,0.0
2019-10-15,85.6,87.08,84.94,86.64,2907981,0.0
2019-10-16,86.47,86.62,85.23,85.66,2361259,0.0
2019-10-17,86.5,87.64,85.88,87.56,3403330,0.0
2019-10-18,87.29,88.27,86.74,87.8,3613922,0.0
2019-10-21,88.58,90.01,88.575,89.9,1263626,0.0
2019-10-22,89.65,89.84,88.94,88.95,1057899,0.0
2019-10-23,87.63,89.66,87.31,89.29,1235124,0.0
2019-10-24,90.3,90.9,89.07,89.68,1371833,0.0
2019-10-25,90.01,90.59,89.69,90.05,1146753,0.0
2019-10-28,90.98,91.94,90.8,91.65,1103341,0.0
2019-10-29,91.5,91.62,90.5,91.22,1092264,0.0
2019-10-30,91.52,91.52,89.95,90.96,935826,0.0
2019-10-31,90.59,91.06,89.29,91.06,1429958,0.0
2019-11-01,94.65,98.57,94.59,98.31,3489949,0.0
2019-11-04,99.14,99.27,98.23,98.45,1757181,0.0
2019-11-05,98.75,99.95,98.58,98.74,1785508,0.0
2019-11-06,98.12,98.5599,97.2,98.16,1352484,0.0
2019-11-07,99.2,99.51,97.93,98.63,1348134,0.0
2019-11-08,98.6,100.81,98.48,100.43,1637935,0.0
2019-11-11,100.05,100.56,99.25,100.37,1387884,0.0
2019-11-12,101.93,102.87,100.43,101.5972,3678996,0.0
2019-11-13,95.6,101.99,95.55,101.14,7014005,0.0
2019-11-14,100,100.42,98.37,98.69,2521256,0.0
2019-11-15,99.68,100.1,98.54,99.41,2528572,0.0
2019-11-18,98.9,99.21,97.17,97.39,2430450,0.0
2019-11-19,98.08,98.1,95.3,96.56,2323416,0.0
2019-11-20,95.63,97.65,95.6,96.01,1658086,0.0
2019-11-21,96.4,97,95.58,96.47,1122826,0.0
2019-11-22,96.9,97.87,96.39,97.85,1648041,0.0
2019-11-25,98.45,101.12,98.14,100.85,1944619,0.0
2019-11-26,100.5,100.705,98.78,99.15,1782905,0.0
2019-11-27,99.55,100.13,99.11,99.63,852821,0.0
2019-11-29,98.9,99.88,98.1,98.31,763354,0.0
2019-12-02,98.1,99.05,97.55,98.35,1529363,0.0
2019-12-03,96.38,97.58,95.63,97.45,1864446,0.0
2019-12-04,98.64,100.11,98.64,98.82,1036844,0.0
2019-12-05,99.64,100.3335,99.19,99.97,1063034,0.0
2019-12-06,100.55,102.09,100.5,101.36,1454724,0.0
2019-12-09,103.92,105.42,103.15,103.23,2670370,0.0
2019-12-10,103.65,105,101.53,104.41,1699690,0.0
2019-12-11,104.78,109.77,104.65,109.3,3786683,0.0
2019-12-12,108,112.77,107.5,111.5,3083538,0.0
2019-12-13,111.61,112.861,110.61,111.9,2055060,0.0
2019-12-16,112.86,114.42,112.79,113.13,1844971,0.0
2019-12-17,113.48,113.72,112.3,113.09,2006641,0.0
2019-12-18,113.4,116.14,112.98,115.91,2412628,0.0
2019-12-19,116.1,118.22,115.1758,117.87,2385702,0.0
2019-12-20,118.53,119.1999,117.01,118.94,2012284,0.0
2019-12-23,119.41,121.36,119.12,119.96,1998703,0.0
2019-12-24,120.34,122.24,120.01,122.19,1055408,0.0
2019-12-26,122.4,122.89,120.75,122.28,1334510,0.0
2019-12-27,122.64,122.68,120.69,122.29,1318012,0.0
2019-12-30,121.8,121.93,120.42,121.07,1158472,0.0
2019-12-31,120.48,121.24,119.21,120.87,975601,0.0
2020-01-02,122.01,122.4,119.7096,121.62,2098391,0.0
2020-01-03,119.84,120.89,117.65,118.61,2120938,0.0
2020-01-06,117.04,117.46,115.08,116.56,2542149,0.0
2020-01-07,117.17,118.4799,116.31,117.67,1842499,0.0
2020-01-08,118.08,120.8697,117.59,119.53,1798155,0.0
2020-01-09,120.9,121.23,117.6,119.65,1637238,0.0
2020-01-10,121.25,121.5,119.64,120.08,2249451,0.0
2020-01-13,121.19,125.2255,121.06,124.53,2474512,0.0
2020-01-14,125.27,125.75,122.61,123.33,1838670,0.0
2020-01-15,123,123.2542,119.92,120.44,1884199,0.0
2020-01-16,121.72,123.34,121.45,123.09,1451255,0.0
2020-01-17,123.94,124.75,123.0187,124.16,1593862,0.0
2020-01-21,124.01,125.47,123.6,123.8,3643318,0.0
2020-01-22,124.68,126.93,124.55,124.9,4381740,0.0
2020-01-23,125.43,128.3284,124.405,128.21,6687718,0.0
2020-01-24,126.5,128.48,120.79,122.29,13766250,0.0
2020-01-27,118.47,118.5,116.2,116.88,2642447,0.0
2020-01-28,118.11,121.07,117.8,119.8,1926696,0.0
2020-01-29,120,120.335,117.8,117.8565,1345350,0.0
2020-01-30,116.57,118.5,114.1,116.24,2727979,0.0
2020-01-31,115.5,115.74,112.72,113.1,2096053,0.0
2020-02-03,113.12,115.49,112.7,115.08,1555633,0.0
2020-02-04,117.89,118.74,116.655,118.02,1397109,0.0
2020-02-05,119.82,120.53,118.14,119.68,1089913,0.0
2020-02-06,119.66,120.32,116.52,117.67,1587835,0.0
2020-02-07,116.42,116.84,113.94,113.94,2366139,0.0
2020-02-10,112.46,116.27,111.45,116.26,1468810,0.0
2020-02-11,117.38,120.29,117.13,119.11,1452482,0.0
2020-02-12,120.61,123.28,120.435,123.08,1699505,0.0
2020-02-13,121.84,124.515,121.0506,122.63,1799553,0.0
2020-02-14,122.84,123.63,118.25,118.98,1692100,0.0
2020-02-18,116.07,118.785,115.6,116.77,2208567,0.0
2020-02-19,118.08,120.41,117.75,119.15,1475762,0.0
2020-02-20,118.78,119.5,115.97,117.5,1202450,0.0
2020-02-21,116.85,117,113.47,114.6,1722166,0.0
2020-02-24,110.28,112.89,108.8,111.18,2685601,0.0
2020-02-25,111.98,112.68,105.8,106.16,2568907,0.0
2020-02-26,106.97,109.44,103.73,103.81,2390215,0.0
2020-02-27,100.5,101.68,97.33,97.53,3140129,0.0
2020-02-28,91.96,100.22,91.8,100.21,4227049,0.0
2020-03-02,101.29,104.33,98.7501,104.28,2467881,0.0
2020-03-03,104.29,106.75,99.45,99.58,2166439,0.0
2020-03-04,102.01,103.37,100.12,103.35,4085584,0.0
2020-03-05,100.96,101.269,97.92,98.59,2765829,0.0
2020-03-06,94.74,97.9,93.335,95.71,5444548,0.0
2020-03-09,87.3252,93.15,86.26,88.09,3463289,0.0
2020-03-10,91.98,95.79,89.63,95.71,3277852,0.0
2020-03-11,93.14,93.76,88.68,89.78,2538109,0.0
2020-03-12,83.24,90.357,80.16,80.45,3530076,0.0
2020-03-13,85.65,87,78.82,82.99,4043890,0.0
2020-03-16,72.19,79.82,67.9,67.9,7128356,0.0
2020-03-17,70,80.71,69.47,77.78,4498211,0.0
2020-03-18,71.13,77.67,69.31,72.1,5243924,0.0
2020-03-19,72.66,79.72,72.14,77.27,2608559,0.0
2020-03-20,80,81.49,73.45,73.64,2769941,0.0
2020-03-23,74.17,76.08,71,75.13,3201500,0.0
2020-03-24,79.69,87.61,78.77,87.32,3375552,0.0
2020-03-25,87.47,92.5099,84.7919,85.25,3509568,0.0
2020-03-26,86.6,93.07,85.8301,92.99,3716359,0.0
2020-03-27,90.27,90.27,86.22,87.07,3058982,0.0
2020-03-30,88.52,90.55,86.14,90.07,1810928,0.0
2020-03-31,89.97,94.2838,88.92,89.46,2324982,0.0
2020-04-01,86.33,89.2,81.33,82.43,2565179,0.0
2020-04-02,81.84,84.1,81.1,83.37,1865636,0.0
2020-04-03,82.75,83.725,79.51,80.24,1753791,0.0
2020-04-06,83.91,90.22,83.68,89.721,4302638,0.0
2020-04-07,93.15,93.88,89.56,89.89,1970933,0.0
2020-04-08,91.6,94.4,89.14,92.98,4261728,0.0
2020-04-09,94.85,95.3,88.79,89.94,2453399,0.0
2020-04-13,90,90.87,88.66,90.43,1592198,0.0
2020-04-14,95.51,95.87,91.63,95.61,5137943,0.0
2020-04-15,93.4555,93.94,90.11,92.88,3363384,0.0
2020-04-16,93.7,95.56,92.245,95,3673080,0.0
2020-04-17,96.936,97.63,93.5,95.33,3485117,0.0
2020-04-20,93.84,94.91,92.25,92.53,2436003,0.0
2020-04-21,91.49,92.14,88.08,88.2,4602380,0.0
2020-04-22,91.01,93.24,90.71,93.07,5250947,0.0
2020-04-23,93.15,94.6,92.39,92.85,3790363,0.0
2020-04-24,93.38,96.78,92.45,96.48,2297773,0.0
2020-04-27,97.8,99.45,97.557,98.41,5273726,0.0
2020-04-28,101,103.85,100.23,100.68,2035885,0.0
2020-04-29,102.34,106.85,102.34,106.21,1555140,0.0
2020-04-30,105.81,105.96,103.13,103.76,3418557,0.0
2020-05-01,100.79,101.71,98.4,98.85,1997552,0.0
2020-05-04,98.2,100.25,96.73,99.61,5650562,0.0
2020-05-05,104.05,108.53,103.24,104.72,5077054,0.0
2020-05-06,106.58,108.15,105.41,105.9,4864354,0.0
2020-05-07,107.4671,108.29,105.78,106.22,1373743,0.0
2020-05-08,108.2,111.29,107.01,111.15,3925475,0.0
2020-05-11,109.94,111.6,108.61,110.47,3948968,0.0
2020-05-12,111.5,112.7362,108.15,108.16,1646378,0.0
2020-05-13,108.57,109.36,104.17,106.16,1882975,0.0
2020-05-14,104.9,108.46,102.32,108.32,1926114,0.0
2020-05-15,104.5,106.56,103.7,106.24,3444098,0.0
2020-05-18,109.34,113.52,108.98,112.65,1806816,0.0
2020-05-19,112.36,115.52,112.35,112.59,1457268,0.0
2020-05-20,114.44,117.54,113.62,117.38,3158004,0.0
2020-05-21,117.01,118.18,113.92,114.12,2221230,0.0
2020-05-22,114.83,117.72,113.141,117.02,2681970,0.0
2020-05-26,120,121.38,117.39,117.71,1414518,0.0
2020-05-27,118.13,119.185,114.59,119.03,1721364,0.0
2020-05-28,118.8,120.255,114.7301,115.57,1748529,0.0
2020-05-29,115.87,119.43,114.79,118.67,1888149,0.0
2020-06-01,118.15,119.62,116.81,119.09,1010432,0.0
2020-06-02,119.61,123.91,118.68,123.79,1802390,0.0
2020-06-03,125,128.5,124.76,127.22,3987020,0.0
2020-06-04,126.16,128.77,126.16,128.68,1835278,0.0
2020-06-05,130.61,137.875,130.5,136.05,3167354,0.0
2020-06-08,137.05,138.22,132.76,134.75,4712608,0.0
2020-06-09,133.6,136.115,132.11,134.62,3537766,0.0
2020-06-10,135.07,135.4,131.64,131.91,1989730,0.0
2020-06-11,127.69,128.77,123.06,123.48,4910798,0.0
2020-06-12,127.16,128.2199,125.49,125.59,636607,0.0
2020-06-15,123.38,127.3088,122.83,127.3,2036014,0.0
2020-06-16,131.83,133.365,125.79,128.38,4352426,0.0
2020-06-17,129.84,131.98,129.18,130.69,1343360,0.0
2020-06-18,130.23,130.97,128.32,129.14,2313385,0.0
2020-06-19,132.84,132.84,126.51,127.26,2028194,0.0
2020-06-22,127.16,128.21,125.32,127.65,1260037,0.0
2020-06-23,128.764,129.73,127.59,128.37,1238625,0.0
2020-06-24,128.31,129.38,125.02,126.41,1804157,0.0
2020-06-25,126.67,127.565,124.8,127.3,1083497,0.0
2020-06-26,126.6,128.14,124.9,125.85,1296697,0.0
2020-06-29,126.1357,126.4,123.41,126.01,884356,0.0
2020-06-30,125.94,128.39,125.42,127.79,1546711,0.0
2020-07-01,127.7,127.7,125.8,125.84,1234052,0.0
2020-07-02,127.52,130.05,127.285,128.44,1412264,0.0
2020-07-06,130.89,133.28,130.22,131.43,1205760,0.0
2020-07-07,133.53,135.2299,132.15,132.2,2258532,0.0
2020-07-08,133.14,133.55,130.58,132.15,1073071,0.0
2020-07-09,132.85,133.6,129.77,132.73,1065826,0.0
2020-07-10,132.74,133.13,129.72,131.22,923338,0.0
2020-07-13,133.32,134.81,128.82,129.49,1509191,0.0
2020-07-14,128.28,131.49,126.53,131.27,1541525,0.0
2020-07-15,131.88,132.4,129.01,131.38,1024797,0.0
2020-07-16,130,132.55,129.13,131.83,1185449,0.0
2020-07-17,132.48,134.28,131.81,133.95,1289963,0.0
2020-07-20,134.72,138.07,133.83,137.81,1675885,0.0
2020-07-21,139.2205,139.88,136.67,137.49,1687601,0.0
2020-07-22,137,138.415,135.1974,136.31,1296728,0.0
2020-07-23,137.12,139.19,135.09,135.34,1779083,0.0
2020-07-24,131.4744,136,128.5563,131.6,2734536,0.0
2020-07-27,133.61,137.76,132.32,136.8,1862647,0.0
2020-07-28,137.37,137.95,134.46,134.68,1523636,0.0
2020-07-29,135.88,137.22,134.59,136.45,1028122,0.0
2020-07-30,134.92,142.26,134.8,142.25,3018266,0.0
2020-07-31,144.41,145.9,141.25,145.62,3245088,0.0
2020-08-03,146.93,149.49,146.56,147.18,1397121,0.0
2020-08-04,147.44,147.89,142.96,145.28,1535323,0.0
2020-08-05,144.85,146.12,143.45,145.37,1234536,0.0
2020-08-06,145.7,149.19,145.09,148.15,1104398,0.0
2020-08-07,148.71,148.73,142.4,144.25,1379624,0.0
2020-08-10,143.59,144.49,141,143.53,1242194,0.0
2020-08-11,143.19,144.57,140.77,141.34,1534953,0.0
2020-08-12,142.3387,147.85,141.35,147.56,1473000,0.0
2020-08-13,147.7,149.32,146.8,148.07,1287395,0.0
2020-08-14,148.48,148.62,145.5,146.11,896150,0.0
2020-08-17,147.37,147.6785,144.64,146.09,901210,0.0
2020-08-18,145.47,146.615,143.07,143.18,1082121,0.0
2020-08-19,143.59,143.865,141.43,141.98,1565705,0.0
2020-08-20,140.64,142.26,139.36,140.64,1579723,0.0
2020-08-21,140.25,142.31,139.4,142.05,1164769,0.0
2020-08-24,143.67,144.25,141.02,142.26,1388773,0.0
2020-08-25,142.96,143.88,141.41,142.6,1027511,0.0
2020-08-26,142.48,143.8027,141.29,142.69,1100869,0.0
2020-08-27,143.47,143.47,138.701,140.17,1679352,0.0
2020-08-28,140.72,143.71,140.29,143.62,868670,0.0
2020-08-31,143.45,145.39,141.94,144.84,1349163,0.0
2020-09-01,145.98,147.76,144.5392,146.47,1231117,0.0
2020-09-02,148.5,154.24,147.218,153.24,1977042,0.0
2020-09-03,149.01,149.59,139.43,139.9,3146859,0.0
2020-09-04,139.62,141.65,133.86,138.99,2892472,0.0
2020-09-08,133.1,135.44,130.72,130.96,2327467,0.0
2020-09-09,135.12,138.58,135.08,137.61,2272802,0.0
2020-09-10,139.6697,140.44,134.19,135.23,1720568,0.0
2020-09-11,137.575,138.44,134.13,136.16,1338928,0.0
2020-09-14,137.44,138.88,136.08,137.79,1011186,0.0
2020-09-15,139.39,142.76,139.3,140.88,1388168,0.0
2020-09-16,142.41,142.83,140.25,140.31,1153107,0.0
2020-09-17,134.956,138.83,134.956,138.39,1344226,0.0
2020-09-18,139.43,139.91,133.67,135.9,1851936,0.0
2020-09-21,133.58,134.64,131.441,134.14,1776358,0.0
2020-09-22,135.59,139.7,133.77,139.66,1437744,0.0
2020-09-23,139.06,139.63,133.59,133.92,1147713,0.0
2020-09-24,131.96,137.63,131.94,135.2,1358671,0.0
2020-09-25,135.6,138.906,133.62,137.99,1727749,0.0
2020-09-28,140.63,144.01,139.02,144.01,1447966,0.0
2020-09-29,145.2,146.4752,143.71,144.28,1235074,0.0
2020-09-30,143.52,147.13,143.36,145.5,1472833,0.0
2020-10-01,147.315,152.48,147.14,152.11,1599522,0.0
2020-10-02,148.0969,149.616,146.8,146.83,1249856,0.0
2020-10-05,148.1,151.76,148.1,151.59,937691,0.0
2020-10-06,150.58,151.7,146.54,147.27,1316200,0.0
2020-10-07,149.95,151.03,149.0298,149.87,1029710,0.0
2020-10-08,151,151.66,149.81,151.64,1907967,0.0
2020-10-09,153.3,154.84,152.48,154.31,1609644,0.0
2020-10-12,156.48,158.61,155.255,157.08,2064684,0.0
2020-10-13,157.87,158,152.4,153.15,1754499,0.0
2020-10-14,154.66,154.83,151.83,153.3,951237,0.0
2020-10-15,150.56,153.74,149.6,153.3,864324,0.0
2020-10-16,154.4,154.92,152.92,153.11,850740,0.0
2020-10-19,154.99,156.98,150.38,151.11,941871,0.0
2020-10-20,152.66,153.96,151.43,152.26,771766,0.0
2020-10-21,152.62,153.5,150.31,150.31,604271,0.0
2020-10-22,150.91,151.5289,147.3269,149.73,680675,0.0
2020-10-23,149.59,150.55,148.8201,149.95,689664,0.0
2020-10-26,148.39,148.76,144.81,147.29,963882,0.0
2020-10-27,147.49,148.2,144.41,145.2,845925,0.0
2020-10-28,142.35,142.94,139.09,139.97,1332670,0.0
2020-10-29,140,146.79,139.8,145.06,1150780,0.0
2020-10-30,142.83,143.9126,139.63,141.27,1442587,0.0
