Date,Open,High,Low,Close,Volume,OpenInterest
2016-11-10,49.46,49.46,45.87,46.94,2351852,0.0
2016-11-11,48.04,48.45,46.47,47.95,1417584,0.0
2016-11-14,48.42,48.42,46.42,46.48,1388463,0.0
2016-11-15,47,47.5,46.411,46.495,1466322,0.0
2016-11-16,46.28,46.747,46.05,46.47,1574900,0.0
2016-11-17,46.7,48.74,46.7,48.63,6868677,0.0
2016-11-18,48.66,49.21,47.33,47.65,1413264,0.0
2016-11-21,47.57,48.38,47.57,48.03,827839,0.0
2016-11-22,48.05,48.1387,46.96,47.28,1042649,0.0
2016-11-23,47.42,48.595,47.16,48.48,1034600,0.0
2016-11-25,48.57,49.19,48.57,48.8,303742,0.0
2016-11-28,49.16,49.28,48.3101,48.48,646713,0.0
2016-11-29,48.59,50.54,48.44,50.1,2570919,0.0
2016-11-30,50.05,50.33,48.99,49.23,2036576,0.0
2016-12-01,49,49.17,46.9645,47.23,1384717,0.0
2016-12-02,47.01,48.04,46.27,47.45,937874,0.0
2016-12-05,47.48,48.57,47.48,48.41,783191,0.0
2016-12-06,48.42,48.74,47.56,48,1109630,0.0
2016-12-07,48.04,49.14,48,49.02,688166,0.0
2016-12-08,49.25,49.99,49.16,49.66,761375,0.0
2016-12-09,49.91,50.56,49.3,49.78,655368,0.0
2016-12-12,49.76,50.16,49.5,50.06,674384,0.0
2016-12-13,50.03,51.23,50,50.85,3050343,0.0
2016-12-14,50.71,51.03,49.84,49.91,965789,0.0
2016-12-15,50.15,51.34,49.27,50.46,891292,0.0
2016-12-16,50.36,50.7,49.15,49.25,1059335,0.0
2016-12-19,49.14,49.62,48.64,49.09,569340,0.0
2016-12-20,49.09,49.96,48.84,49.92,507355,0.0
2016-12-21,50.09,50.57,49.47,49.76,552275,0.0
2016-12-22,49.88,49.88,49.17,49.25,249691,0.0
2016-12-23,49.22,49.94,49.22,49.88,258953,0.0
2016-12-27,50.14,50.53,49.45,49.73,1080744,0.0
2016-12-28,49.82,50.25,48.92,49.25,743178,0.0
2016-12-29,49.25,49.67,48.96,49.58,336779,0.0
2016-12-30,49.79,49.79,48.85,49.3,658532,0.0
2017-01-03,49.56,50.04,48.58,49.22,893812,0.0
2017-01-04,49.44,50.29,49.36,50.14,628585,0.0
2017-01-05,50.12,50.69,49.36,49.36,605526,0.0
2017-01-06,49.4,50.34,49.32,49.95,954904,0.0
2017-01-09,49.87,50.67,49.59,50.46,923920,0.0
2017-01-10,50.32,51.05,50.06,50.81,504377,0.0
2017-01-11,50.95,51.81,50.67,51.1,714797,0.0
2017-01-12,50.94,51.2,50.31,50.89,531117,0.0
2017-01-13,50.62,51.73,50.51,51.59,742386,0.0
2017-01-17,51.54,51.7,51,51.41,519961,0.0
2017-01-18,51.6,51.9,51.35,51.79,501799,0.0
2017-01-19,51.89,52.1,51.6,51.79,553917,0.0
2017-01-20,51.82,52.39,51.57,52.35,899626,0.0
2017-01-23,52.21,52.56,52.09,52.16,775509,0.0
2017-01-24,52.25,53.33,51.83,53.19,738069,0.0
2017-01-25,53.66,53.96,53.2,53.89,982805,0.0
2017-01-26,54.05,54.1963,53.65,53.75,588780,0.0
2017-01-27,54.13,54.16,53.21,53.69,793432,0.0
2017-01-30,53.51,53.65,52.88,53.51,568988,0.0
2017-01-31,53.6,53.8899,53.19,53.64,891280,0.0
2017-02-01,53.66,55.47,53.35,54.36,1500158,0.0
2017-02-02,54.18,54.81,53.87,54.8,881209,0.0
2017-02-03,55,55.47,53.8,53.92,1492362,0.0
2017-02-06,53.97,54.21,53.52,54.2,1090472,0.0
2017-02-07,54.56,54.66,53.35,53.69,1508447,0.0
2017-02-08,56.04,56.71,53.42,53.7,2730686,0.0
2017-02-09,54.06,56.13,53.84,56.02,2338007,0.0
2017-02-10,56.45,58.335,56.13,57.86,3786117,0.0
2017-02-13,57.82,58.76,57.375,58.43,2048354,0.0
2017-02-14,58.3,58.57,57.64,58.27,1314877,0.0
2017-02-15,58.16,59.56,57.85,59.43,1493620,0.0
2017-02-16,59.71,60.2,59.47,59.97,1692338,0.0
2017-02-17,60.02,60.16,58.89,59.69,1388725,0.0
2017-02-21,59.99,59.99,58.81,58.9797,1521434,0.0
2017-02-22,58.74,58.74,57.96,58.44,1709974,0.0
2017-02-23,58.33,58.38,57.07,57.85,1554332,0.0
2017-02-24,57.35,57.88,57.19,57.55,934668,0.0
2017-02-27,57.66,58.23,56.79,57.46,1605610,0.0
2017-02-28,57.28,57.73,56.96,56.98,765204,0.0
2017-03-01,57.16,59.07,57.12,58.795,1610901,0.0
2017-03-02,58.71,58.74,57.77,57.89,566252,0.0
2017-03-03,57.87,58.37,57.41,58.12,654312,0.0
2017-03-06,58.12,59.05,58.0001,58.75,943051,0.0
2017-03-07,59.12,59.5186,58.82,59.195,1112889,0.0
2017-03-08,59.35,59.79,59.17,59.31,829872,0.0
2017-03-09,59.43,59.78,58.98,59.18,588729,0.0
2017-03-10,59.62,59.83,58.95,58.99,1442666,0.0
2017-03-13,59.42,59.96,59.24,59.49,1195633,0.0
2017-03-14,59.14,59.71,59.11,59.245,649095,0.0
2017-03-15,59.39,59.46,58.23,59,1317746,0.0
2017-03-16,59.1,59.3,58.3999,58.51,677274,0.0
2017-03-17,58.46,58.84,57.99,58.02,1863832,0.0
2017-03-20,58.21,58.465,57.62,57.88,1029157,0.0
2017-03-21,57.95,58.1,56.5,56.59,1426814,0.0
2017-03-22,56.62,57.6,56.59,57.58,1121034,0.0
2017-03-23,57.57,57.96,57.32,57.71,588298,0.0
2017-03-24,57.7,59.02,57.7,58.12,916730,0.0
2017-03-27,57.42,58.86,57.33,58.57,1034912,0.0
2017-03-28,58.48,59.075,58.26,58.82,1079377,0.0
2017-03-29,58.6,59.05,58.3311,58.79,858898,0.0
2017-03-30,58.66,59.05,58.66,58.89,914247,0.0
2017-03-31,58.86,59.44,58.16,59.27,966851,0.0
2017-04-03,59.15,59.73,58.34,58.74,1023939,0.0
2017-04-04,58.55,58.73,57.75,57.85,1034354,0.0
2017-04-05,57.93,58.73,57.76,57.86,935808,0.0
2017-04-06,57.83,58.38,57.49,58.05,1113536,0.0
2017-04-07,57.82,58.525,57.55,58.48,660766,0.0
2017-04-10,58.54,58.83,58.15,58.43,824271,0.0
2017-04-11,58.3,58.6,57.74,58.41,784778,0.0
2017-04-12,58.24,58.35,57.78,57.87,771953,0.0
2017-04-13,57.78,58.19,57.36,57.545,857653,0.0
2017-04-17,57.55,58.77,57.55,58.55,707743,0.0
2017-04-18,58.43,59.435,58.212,59.4,1073751,0.0
2017-04-19,59.47,60.725,59.34,60.455,1706903,0.0
2017-04-20,60.78,62.15,60.43,62.035,1615259,0.0
2017-04-21,62.15,62.67,61.95,62.28,1357990,0.0
2017-04-24,63.28,63.28,62.52,62.55,1168759,0.0
2017-04-25,63.07,63.25,62.44,62.63,1002898,0.0
2017-04-26,62.78,62.95,62.31,62.78,561884,0.0
2017-04-27,63.12,63.63,62.69,63.15,1005722,0.0
2017-04-28,63.34,63.7,62.71,62.84,643866,0.0
2017-05-01,63.07,64.08,62.72,63.98,873308,0.0
2017-05-02,63.98,64.11,63.5784,64.09,461109,0.0
2017-05-03,63.8,64.03,63.44,63.99,688750,0.0
2017-05-04,64.11,64.42,63.56,63.66,870828,0.0
2017-05-05,63.55,65.445,63.55,65.42,879060,0.0
2017-05-08,65.59,65.84,64.89,65.07,894914,0.0
2017-05-09,65.2,65.57,64.9,65.1,595857,0.0
2017-05-10,66.1,68.725,65.89,68.66,2704638,0.0
2017-05-11,68.64,68.66,67.49,68.6,1596636,0.0
2017-05-12,68.57,68.765,67.93,67.98,1320289,0.0
2017-05-15,68,69.305,67.85,69.27,1371924,0.0
2017-05-16,69.4,70.53,69.32,70.37,1494002,0.0
2017-05-17,69.79,69.9,66.24,66.52,2443012,0.0
2017-05-18,66.27,68.9,65.63,68.6,1165195,0.0
2017-05-19,68.4,68.78,66.7,67.58,1480392,0.0
2017-05-22,68.6,70.07,68.12,69.03,3144664,0.0
2017-05-23,72.5,76.7,71.16,72.84,10329904,0.0
2017-05-24,73.76,77.76,73.31,77.73,4616449,0.0
2017-05-25,78.8,79.58,78.01,78.53,2823851,0.0
2017-05-26,78.69,78.87,76.9,77.07,1950833,0.0
2017-05-30,76.68,76.78,75.26,76.07,2328207,0.0
2017-05-31,76.37,77.17,75.78,76.74,1330488,0.0
2017-06-01,76.77,78.5,76.76,78.12,1722714,0.0
2017-06-02,76.21,78.16,76.11,77.65,1286207,0.0
2017-06-05,77.6,78.25,77.1801,77.32,816740,0.0
2017-06-06,77.04,78.36,76.82,77.645,1117075,0.0
2017-06-07,78.57,79.92,78.39,79.78,2198427,0.0
2017-06-08,80.01,80.54,78.43,79.32,1379892,0.0
2017-06-09,79.62,80.12,73.31,75.3,3178815,0.0
2017-06-12,73.83,74.84,71.2,73.84,3749427,0.0
2017-06-13,75.27,75.4,73.37,74.62,1671008,0.0
2017-06-14,74.99,75.5699,73.3,74.38,988826,0.0
2017-06-15,72.7,74.73,72.53,74.01,1394322,0.0
2017-06-16,74.06,75.07,73.38,74.16,1395586,0.0
2017-06-19,74.91,75.58,73.69,74.1,1798710,0.0
2017-06-20,74.2,74.83,73.04,73.06,1503560,0.0
2017-06-21,73.11,73.83,72.36,73.05,1753035,0.0
2017-06-22,73.37,73.76,72.64,73.05,1118564,0.0
2017-06-23,72.91,74.24,72.63,72.89,2105628,0.0
2017-06-26,73.41,74.24,72.15,73.53,1470085,0.0
2017-06-27,73.36,73.63,71.14,71.17,1639130,0.0
2017-06-28,71.5,73.32,70.39,73.27,1975307,0.0
2017-06-29,72.92,72.92,71.295,72.53,2508844,0.0
2017-06-30,72.77,74.28,72.71,73.38,2058489,0.0
2017-07-03,73.53,73.93,71.8,72.17,1345228,0.0
2017-07-05,72.07,73.79,72.07,73.28,1166113,0.0
2017-07-06,72.65,73.86,72.1,73.2,1177441,0.0
2017-07-07,73.43,75.1,73.21,74.59,1340031,0.0
2017-07-10,74.71,75.24,73.82,74.49,991305,0.0
2017-07-11,74.47,76.35,74.1109,75.9,1275558,0.0
2017-07-12,76.4,77.64,75.9,77.34,1278185,0.0
2017-07-13,77.48,77.72,75.7801,76.33,970000,0.0
2017-07-14,76.49,76.95,75.97,76.2,475491,0.0
2017-07-17,76.42,76.53,75.81,76.08,735405,0.0
2017-07-18,75.94,77.74,75.75,77.48,864249,0.0
2017-07-19,77.81,78.495,76.8062,78.4,1747050,0.0
2017-07-20,78.29,79.01,77.37,78.03,968637,0.0
2017-07-21,77.65,79.27,77.64,79.23,1209910,0.0
2017-07-24,79.27,79.91,79.02,79.68,1171839,0.0
2017-07-25,79.7,81.13,79.27,80.86,6183563,0.0
2017-07-26,80.94,81.49,80.32,81.47,1049255,0.0
2017-07-27,81.8,82.79,78.151,79.72,2393244,0.0
2017-07-28,79.07,80.88,78.54,80.09,1135661,0.0
2017-07-31,80.36,80.8588,79.3901,79.49,815609,0.0
2017-08-01,79.79,80.42,79,79.93,894881,0.0
2017-08-02,80.43,80.595,78.1,79.36,1485954,0.0
2017-08-03,87.24,89.9,86.02,89.15,6321228,0.0
2017-08-04,89.5,89.9089,86.76,87.73,2789251,0.0
2017-08-07,88.17,91.13,87.66,90.51,1972297,0.0
2017-08-08,90.31,92.22,90.31,91.53,1892725,0.0
2017-08-09,90,92.03,89.52,90.9797,1159334,0.0
2017-08-10,90.39,90.9,88.26,88.32,1337302,0.0
2017-08-11,88.1,90.17,88.01,89.29,873098,0.0
2017-08-14,89.96,90.98,89.82,90.71,593708,0.0
2017-08-15,91.05,91.28,89.87,90.65,511922,0.0
2017-08-16,91.08,92.49,90.51,92.01,868761,0.0
2017-08-17,91.67,92.2599,90.81,90.94,735925,0.0
2017-08-18,90.82,93.09,90.01,92.04,946707,0.0
2017-08-21,92.08,92.68,91.27,91.98,511554,0.0
2017-08-22,92.63,95.11,92.35,94.95,1247180,0.0
2017-08-23,94.16,95.16,94.16,94.41,526673,0.0
2017-08-24,94.82,95.7,93.69,95.25,812272,0.0
2017-08-25,95.99,96.43,93.89,94.64,797995,0.0
2017-08-28,95.36,96.29,95.26,95.83,982352,0.0
2017-08-29,94.84,96.43,94.64,95.76,514490,0.0
2017-08-30,96.11,98.35,95.87,97.64,1111923,0.0
2017-08-31,98,98.45,97.2,97.79,907701,0.0
2017-09-01,97.77,97.91,95.341,95.88,1452690,0.0
2017-09-05,95.68,97.3,94.68,97.08,1450784,0.0
2017-09-06,97.52,98.15,95.4,95.84,681457,0.0
2017-09-07,96.2,100.15,95.91,99.51,1473439,0.0
2017-09-08,100.32,100.32,98.77,99.64,931305,0.0
2017-09-11,100.49,101.4,99.4036,100.1,1275663,0.0
2017-09-12,100.74,100.9717,98.25,99.94,1011724,0.0
2017-09-13,99.83,100.14,98.667,98.78,717122,0.0
2017-09-14,98.79,99.9,97.93,99.37,603725,0.0
2017-09-15,99.41,100.39,98.88,100.33,1070794,0.0
2017-09-18,100.81,101.87,100.72,100.81,828980,0.0
2017-09-19,101.78,102.78,100.601,102.38,889167,0.0
2017-09-20,102.45,103.28,101.25,102.97,979142,0.0
2017-09-21,102.89,102.95,100.51,101.72,972491,0.0
2017-09-22,101.37,103.04,101.07,102.83,1072871,0.0
2017-09-25,102.96,103.73,95.94,97.63,3543252,0.0
2017-09-26,98.07,98.475,96.78,97.47,1785264,0.0
2017-09-27,97.88,100.68,97.88,100.13,1354720,0.0
2017-09-28,100.2,101.38,99.21,100.89,784995,0.0
2017-09-29,101,102.28,100.74,102.23,1449645,0.0
2017-10-02,102.44,103,99.86,100.39,1109969,0.0
2017-10-03,100.43,101.1778,99.9,101.08,768913,0.0
2017-10-04,101.1,103.17,100,102.98,1173667,0.0
2017-10-05,103.2,104.64,102.29,104.5,1053578,0.0
2017-10-06,104.22,107.53,104.22,107.22,1403204,0.0
2017-10-09,105,105.18,102.47,104.12,2214942,0.0
2017-10-10,104.43,104.58,102.08,102.66,1445240,0.0
2017-10-11,102.58,104.79,102.31,103.57,825768,0.0
2017-10-12,103.47,104.34,102.79,103.45,655082,0.0
2017-10-13,104.19,104.75,103.55,104.62,893588,0.0
2017-10-16,105,105.26,104.38,104.75,566073,0.0
2017-10-17,104.59,104.82,103.27,103.9,579533,0.0
2017-10-18,105.02,105.37,104.1,104.59,704775,0.0
2017-10-19,103.59,104.81,102.1,104.56,679705,0.0
2017-10-20,104.98,105.29,104.57,104.93,533723,0.0
2017-10-23,105.65,105.87,104.45,105,526605,0.0
2017-10-24,105.37,105.86,104.8725,105.21,805255,0.0
2017-10-25,105.7,105.7,103.311,104.85,674615,0.0
2017-10-26,105,105.79,104.24,105.43,541487,0.0
2017-10-27,105.9,108.04,105.47,107.85,921791,0.0
2017-10-30,108.49,110,108.04,109.7,1303675,0.0
2017-10-31,110.01,110.86,108.99,110.65,1339022,0.0
2017-11-01,110.91,111.11,108.83,110.575,1202037,0.0
2017-11-02,110.39,110.77,108.5,108.51,1128253,0.0
2017-11-03,109.54,110.385,108.16,108.92,1657324,0.0
2017-11-06,109.46,109.61,106.23,107,2077233,0.0
2017-11-07,106.64,106.87,103.88,106.41,2844082,0.0
2017-11-08,120,120.62,116.35,117.64,6589060,0.0
2017-11-09,117.1,117.24,113.87,115.16,2554201,0.0
2017-11-10,114.91,115.9,114.055,115.68,1539718,0.0
2017-11-13,114.69,119.17,114.58,118.26,1993085,0.0
2017-11-14,118.25,119.28,117.35,118.89,1762837,0.0
2017-11-15,117.9,118.8,116.37,117.39,1192110,0.0
2017-11-16,118.95,119.71,118.1,118.89,1278752,0.0
2017-11-17,118.68,119.39,116.36,117.82,1451849,0.0
2017-11-20,118.1,118.35,117.05,117.4299,821766,0.0
2017-11-21,117.95,120.21,117.95,119.01,968455,0.0
2017-11-22,119.2,119.71,117.21,117.94,1078194,0.0
2017-11-24,118.03,118.4,117.585,117.87,551945,0.0
2017-11-27,118,118.15,116.5,117.75,1057926,0.0
2017-11-28,118.34,119.12,116.1,116.19,1356032,0.0
2017-11-29,115.37,115.9,108.41,111.45,3609204,0.0
2017-11-30,112.44,113.47,110.47,111.59,2000097,0.0
2017-12-01,111.05,112,107.805,110.75,2070972,0.0
2017-12-04,111.28,111.39,99.87,102.07,6080385,0.0
2017-12-05,101.43,105.41,100.56,104.2,3141996,0.0
2017-12-06,103.61,105.52,103.05,104.9,1544945,0.0
2017-12-07,104.72,108.27,104.58,106.56,1463763,0.0
2017-12-08,107.62,108.96,106.43,106.81,1454833,0.0
2017-12-11,107,108.4,105.69,108.22,1346843,0.0
2017-12-12,107.95,108.386,107.11,107.62,997776,0.0
2017-12-13,108,110.159,106.86,107.74,1208465,0.0
2017-12-14,107.33,110.58,107.245,109.03,1095364,0.0
2017-12-15,109.49,111.95,109.36,111.32,1597351,0.0
2017-12-18,113.8,114.46,108.96,110.3,1561504,0.0
2017-12-19,109.77,110.61,108.57,109.27,900213,0.0
2017-12-20,109.86,109.86,107.66,108.72,740997,0.0
2017-12-21,108.66,111.16,107.46,110.47,821847,0.0
2017-12-22,110.54,110.76,108.97,109.15,501985,0.0
2017-12-26,108.87,109.02,107.68,108.24,255902,0.0
2017-12-27,108.61,109.79,107.53,107.805,502613,0.0
2017-12-28,108.3,109.81,107.115,109.64,551157,0.0
2017-12-29,109.4,110.22,108.25,109.79,834438,0.0
2018-01-02,110.03,113.07,109.55,112.91,1095782,0.0
2018-01-03,113.47,114.699,112.74,113.87,1035969,0.0
2018-01-04,114.92,115.2835,112.59,114.03,932317,0.0
2018-01-05,114.91,117.1899,114.28,116.92,1117906,0.0
2018-01-08,116.5,120.18,115.11,117.35,1158258,0.0
2018-01-09,117.77,118.17,113.76,114.92,1269921,0.0
2018-01-10,113.92,115.76,113.15,115.53,1003175,0.0
2018-01-11,116.32,118.48,115.4,116.95,1090982,0.0
2018-01-12,116.95,118.9,115.85,117.27,1368983,0.0
2018-01-16,118.07,118.13,113.1,113.95,1324507,0.0
2018-01-17,114.7,116.97,113.72,116.08,1116955,0.0
2018-01-18,115.78,118.2,114.46,117.26,1035911,0.0
2018-01-19,117.71,118.61,117.23,118.03,679872,0.0
2018-01-22,117.77,119.43,116.92,118.4,841685,0.0
2018-01-23,118.33,118.92,116.41,116.82,1352299,0.0
2018-01-24,117.34,117.34,114.54,116.25,1251449,0.0
2018-01-25,116.74,117.81,115.47,117.24,568745,0.0
2018-01-26,117.97,119.37,116.8198,119.37,920533,0.0
2018-01-29,119,122.21,118.7,119.31,1789574,0.0
2018-01-30,117.5,120.58,116.67,118.33,1248191,0.0
2018-01-31,120.99,127.77,120.99,126.66,3029244,0.0
2018-02-01,126.85,129.25,119.05,124.65,4163049,0.0
2018-02-02,123.13,125.43,120.51,121.67,1762330,0.0
2018-02-05,119.86,123.32,116.391,117.33,2025135,0.0
2018-02-06,113,118.33,113,118.26,2825458,0.0
2018-02-07,118.77,120.34,116.75,117.26,2568576,0.0
2018-02-08,112,115.6,103.22,103.5,6504188,0.0
2018-02-09,105.5,109.09,102.16,108.45,4354498,0.0
2018-02-12,109.29,112.24,108.7,109.9,2299102,0.0
2018-02-13,108.53,109.305,106.73,107.77,1735524,0.0
2018-02-14,106.98,108.85,106.29,106.55,2023075,0.0
2018-02-15,107.59,108.85,105.65,108.15,1993579,0.0
2018-02-16,108.11,108.97,106.65,107.05,1403752,0.0
2018-02-20,106.44,108.32,106.44,107.49,862416,0.0
2018-02-21,107.6,110.27,107.59,108.57,1318538,0.0
2018-02-22,108.99,109.865,108.1,108.64,779276,0.0
2018-02-23,109.57,111.84,108.5,111.64,974335,0.0
2018-02-26,112.6,115.44,112.52,114.59,1342280,0.0
2018-02-27,114.32,115.12,112.21,112.23,714861,0.0
2018-02-28,113.55,114.17,111.8,111.84,1134199,0.0
2018-03-01,111.61,112.99,106.8814,107.56,1804585,0.0
2018-03-02,106.84,111.21,105.81,110.75,1375237,0.0
2018-03-05,110.03,112.82,109.43,111.97,817585,0.0
2018-03-06,112.38,112.97,109.05,110.68,1345905,0.0
2018-03-07,109.62,111.39,108.25,110.95,1436220,0.0
2018-03-08,111.61,113.73,110.21,113.56,2734883,0.0
2018-03-09,114.48,116.83,113.59,116.61,1991415,0.0
2018-03-12,115.85,117.35,113.89,115.74,2982767,0.0
2018-03-13,116.5,116.58,111.97,113.5,2943502,0.0
2018-03-14,111.57,111.63,106.1,109.23,4207979,0.0
2018-03-15,109.35,110.4,107.84,108.9,2644807,0.0
2018-03-16,108.94,109.72,106.25,107.42,3616646,0.0
2018-03-19,106.39,107.01,102.54,104.51,3601097,0.0
2018-03-20,105.34,106.51,104.36,105.22,1907346,0.0
2018-03-21,105.01,106.065,103.88,104.73,1582725,0.0
2018-03-22,103.4,104.7481,102.26,102.39,2062210,0.0
2018-03-23,102.29,103.87,99.64,99.7,1658995,0.0
2018-03-26,101.78,103.27,101.63,103.1,1607970,0.0
2018-03-27,103.63,104.2,97.71,98.04,2695982,0.0
2018-03-28,97.69,98.85,95.54,97.43,3252329,0.0
2018-03-29,98.09,99.77,95.92,97.78,2188677,0.0
2018-04-02,96.32,96.99,93.92,95.9,3286622,0.0
2018-04-03,96.65,96.78,93.42,95.86,1841114,0.0
2018-04-04,93.49,97.38,92.81,96.97,2230803,0.0
2018-04-05,99.2,100.59,97.956,98.62,2303502,0.0
2018-04-06,97.87,98.41,93.9,94.63,1471085,0.0
2018-04-09,95.21,97.62,95.021,96.51,1587590,0.0
2018-04-10,98.52,99.19,96.62,97.64,1378838,0.0
2018-04-11,96.76,97.95,96.4701,96.63,883753,0.0
2018-04-12,96.82,98.96,96.47,97.84,1280949,0.0
2018-04-13,98.81,99,96.59,97.2,855179,0.0
2018-04-16,97.93,98.87,97.27,98.47,732219,0.0
2018-04-17,99.54,102.49,99.29,102.22,1486407,0.0
2018-04-18,102.04,103.145,100.95,102.49,918083,0.0
2018-04-19,101.61,102.17,99.96,100.79,854949,0.0
2018-04-20,100.37,100.76,97.28,98.4,1354139,0.0
2018-04-23,98.56,100.08,97.5,98.13,792625,0.0
2018-04-24,98.79,99.9072,95.54,96.39,1109938,0.0
2018-04-25,96.53,97.11,94.59,96.23,885505,0.0
2018-04-26,97.1,99.88,97.1,99.189,1202229,0.0
2018-04-27,99.97,100.08,97.32,98.63,659938,0.0
2018-04-30,100.42,100.63,98.2,99.72,898837,0.0
2018-05-01,99.37,104.37,99.17,104.3,2208963,0.0
2018-05-02,104.05,106.42,103.69,104.88,2089723,0.0
2018-05-03,104.25,110.82,98.86,105.1,7957300,0.0
2018-05-04,104.04,110,104.04,108.759,1913632,0.0
2018-05-07,110.28,110.84,107.79,110.25,1681893,0.0
2018-05-08,110.42,112.455,109.67,111.31,1970478,0.0
2018-05-09,113.18,117.39,111.935,116,2439124,0.0
2018-05-10,116.68,117.4,115.37,117.06,1441190,0.0
2018-05-11,117.15,117.37,115.35,116.08,999891,0.0
2018-05-14,116.9399,117.09,113.65,114.4,1832166,0.0
2018-05-15,113.22,113.815,111.94,113.48,1552529,0.0
2018-05-16,113.51,114.95,112.43,113.07,2396993,0.0
2018-05-17,113.33,118.91,112.51,113.87,5235546,0.0
2018-05-18,113,116,112.71,115.82,2114715,0.0
2018-05-21,116.57,118.44,113.9,115.98,1752872,0.0
2018-05-22,115.96,116.49,113,113.26,944469,0.0
2018-05-23,112.1,112.89,111.16,112.61,1481559,0.0
2018-05-24,112.41,112.61,109.86,112.08,1180983,0.0
2018-05-25,111.87,112.75,111.28,112.02,686562,0.0
2018-05-29,110.8,111.84,109.73,110.78,1592114,0.0
2018-05-30,111.52,111.95,109.92,110.63,811300,0.0
2018-05-31,110.89,114.04,110.19,112.12,1404703,0.0
2018-06-01,112.55,114.87,111.31,114.53,1059920,0.0
2018-06-04,114.26,115.75,112.757,113.7,1080120,0.0
2018-06-05,111.43,113.9988,111.09,113.24,1840639,0.0
2018-06-06,113.92,114.32,112.11,112.58,1019968,0.0
2018-06-07,112.6,113.77,111.71,113.41,817201,0.0
2018-06-08,113.07,114.77,112.01,113.43,758154,0.0
2018-06-11,113.78,114.94,112.93,113.32,823559,0.0
2018-06-12,113.33,114.79,113.21,114.7,1267238,0.0
2018-06-13,114.77,119.38,114.77,118.44,2520413,0.0
2018-06-14,119.21,123.1,118.88,121.8275,2507230,0.0
2018-06-15,121.15,123.189,120.38,121.52,1769614,0.0
2018-06-18,120.86,120.92,119.391,120.76,873042,0.0
2018-06-19,118.91,120.02,116.47,117.94,1053340,0.0
2018-06-20,118.89,119.05,117.18,118.01,1042931,0.0
2018-06-21,118.05,118.56,115.831,116.5,923140,0.0
2018-06-22,117,118.51,115.2,116.96,1437800,0.0
2018-06-25,115.64,117.19,113.79,116.73,1937085,0.0
2018-06-26,117.7,119.29,115.8,115.91,1564736,0.0
2018-06-27,116.41,117.23,113.95,113.95,1304020,0.0
2018-06-28,113.95,118.98,113.52,118.07,1825177,0.0
2018-06-29,118.82,120.3,118.27,118.36,965413,0.0
2018-07-02,117.87,120.21,117,119.87,771064,0.0
2018-07-03,120,120,117.77,118.17,665190,0.0
2018-07-05,119.1,121,118.66,120.82,1158349,0.0
2018-07-06,120.91,123.63,120.541,123.44,1048500,0.0
2018-07-09,124.43,124.43,120.06,121.96,842958,0.0
2018-07-10,121.97,122.37,119.31,121.14,894042,0.0
2018-07-11,120.38,124.34,120.01,122.75,1158188,0.0
2018-07-12,123.27,126.5736,123.27,126.24,932256,0.0
2018-07-13,126.5,126.75,124.807,126.36,683762,0.0
2018-07-16,126.25,126.89,125.67,125.9,651582,0.0
2018-07-17,124.6,127.92,124.51,126.73,1177232,0.0
2018-07-18,126.55,127.615,125.85,126.81,1202555,0.0
2018-07-19,127.54,128.24,126.61,127.42,1058896,0.0
2018-07-20,127.01,128.18,126.09,126.61,775095,0.0
2018-07-23,126.51,127.12,125.11,126.81,812961,0.0
2018-07-24,127.84,127.84,123.41,125.16,1669036,0.0
2018-07-25,125.64,128.7,124.55,127.86,1287608,0.0
2018-07-26,127.59,127.67,124.89,125.31,899028,0.0
2018-07-27,124.01,125.47,120.99,122.58,1677204,0.0
2018-07-30,122.23,122.43,112.55,113.12,2927736,0.0
2018-07-31,113.75,115.71,112.43,113.02,1821445,0.0
2018-08-01,112.34,115.96,111.92,112.23,1736014,0.0
2018-08-02,111.785,113.79,111.0674,113.16,2436527,0.0
2018-08-03,129.47,130.43,122.09,123.4,6606217,0.0
2018-08-06,122.8,123.88,120,121.35,2363625,0.0
2018-08-07,121.31,122.905,119.86,122.25,1371201,0.0
2018-08-08,122.07,125.62,121.16,124.96,1606166,0.0
2018-08-09,125.39,125.85,123.86,125.2,1264926,0.0
2018-08-10,124.4,130,124.4,128.79,2198000,0.0
2018-08-13,129.07,131.77,127.91,128.09,1311907,0.0
2018-08-14,128.93,130.2,127.13,129.08,771617,0.0
2018-08-15,127.58,128.61,124.45,125.94,1708365,0.0
2018-08-16,127.33,127.33,124.89,125.93,846278,0.0
2018-08-17,125.26,126.1301,123.6,124.31,751443,0.0
2018-08-20,124.65,125.6,122.29,124.88,1233223,0.0
2018-08-21,125.33,126.9,124.37,126.43,1022156,0.0
2018-08-22,126.04,130.43,125.9,129.24,1353430,0.0
2018-08-23,129.4,131.52,128.14,130.68,1382473,0.0
2018-08-24,131.66,134.63,131.27,134.02,1433258,0.0
2018-08-27,135.26,135.9,132.741,133.37,827311,0.0
2018-08-28,133.85,134.34,132.12,133.66,676632,0.0
2018-08-29,135.22,138.63,134.77,136.08,1514774,0.0
2018-08-30,136,138.65,134.54,134.64,1435463,0.0
2018-08-31,133.57,133.93,130.51,133.56,1606070,0.0
2018-09-04,133.18,135.48,131.53,134.54,887025,0.0
2018-09-05,134.3,134.45,127.57,128.9,1279247,0.0
2018-09-06,129.795,130.78,127.81,130.35,946622,0.0
2018-09-07,129.43,132.19,128.68,130.55,1090825,0.0
2018-09-10,131.6,131.66,128.77,129.16,1004028,0.0
2018-09-11,130.5,134.93,128.52,133.93,1244623,0.0
2018-09-12,133.86,134.47,131.14,133.46,729022,0.0
2018-09-13,134.35,136.37,133.16,136.31,707167,0.0
2018-09-14,136.75,136.99,133.7125,134.11,702534,0.0
2018-09-17,134.4,134.66,131.01,131.48,839271,0.0
2018-09-18,131.08,134.54,130.69,132.66,796358,0.0
2018-09-19,132.55,132.6,128.93,130.56,1007480,0.0
2018-09-20,131.12,132.5,129.67,130.95,1103276,0.0
2018-09-21,132.08,134.18,131.04,132.06,1291410,0.0
2018-09-24,131.28,135.67,130.63,134.87,992098,0.0
2018-09-25,135.3,136.335,134.52,135.55,715833,0.0
2018-09-26,136.22,137.23,134.34,134.53,848230,0.0
2018-09-27,134.87,137.61,134.66,137.07,899593,0.0
2018-09-28,137.07,139.6,136.43,137.98,956801,0.0
2018-10-01,138.12,139.909,135.55,137.37,1052186,0.0
2018-10-02,138,138,133.75,134.36,1154282,0.0
2018-10-03,135,136.27,133.91,136.11,1113397,0.0
2018-10-04,135.18,135.7621,129.4701,131.88,1393706,0.0
2018-10-05,132.26,133.8,128.6,130.59,992794,0.0
2018-10-08,129.56,129.99,124.78,126.82,1265855,0.0
2018-10-09,126.73,130,124.38,127.94,1186621,0.0
2018-10-10,129.99,130.25,121.1,122.3,1995863,0.0
2018-10-11,122.45,124.91,120.8,122.27,1902289,0.0
2018-10-12,126.73,130.8997,125.86,129.04,1934888,0.0
2018-10-15,128.27,129.43,124.48,127.77,925163,0.0
2018-10-16,129.28,132.36,129.25,132.02,1362461,0.0
2018-10-17,132.75,133.66,130.4,132.08,742244,0.0
2018-10-18,131.18,131.18,124.85,126.87,1830391,0.0
2018-10-19,127.82,128.9,122.0341,122.45,1507975,0.0
2018-10-22,122.69,123.06,120.02,120.5,1615937,0.0
2018-10-23,117.77,119.43,115.8,118.77,1749895,0.0
2018-10-24,118.75,119.63,110.82,111,2110431,0.0
2018-10-25,116.83,124.975,116.3,120.68,3087286,0.0
2018-10-26,116.18,123.46,116.18,120.02,1926274,0.0
2018-10-29,122.35,122.83,109.34,111.72,3591738,0.0
2018-10-30,121.68,125.49,117.5161,124,5542845,0.0
2018-10-31,125.5,130.01,124.1446,128.84,2570424,0.0
2018-11-01,129.66,129.95,125.93,128.92,1284531,0.0
2018-11-02,128.8,130.16,126.66,128.34,1052552,0.0
2018-11-05,128.61,128.99,124.55,126.68,1440224,0.0
2018-11-06,125.56,127.29,121.89,123.65,1508119,0.0
2018-11-07,126.15,128.14,124.55,125.82,3345863,0.0
2018-11-08,129.11,129.98,117.8,119.18,6324322,0.0
2018-11-09,115.64,116.39,109.34,113.04,5098747,0.0
2018-11-12,111.5,112.22,105.59,109.04,4241949,0.0
2018-11-13,109.05,110.95,106.49,107.03,2635523,0.0
2018-11-14,107.66,109.7525,104.67,106.59,2422099,0.0
2018-11-15,105.9,114.41,105.725,113.06,4730595,0.0
2018-11-16,111.35,114.66,110.66,113.97,3718220,0.0
2018-11-19,115.25,115.55,104.77,106,4091553,0.0
2018-11-20,100.8,106.83,97.57,104.71,3157709,0.0
2018-11-21,107.05,108.49,105.56,106.85,1917123,0.0
2018-11-23,105.18,107.48,104.98,105.47,595466,0.0
2018-11-26,107.32,110.53,106.25,110.44,1676824,0.0
2018-11-27,109.75,111.7,108.25,109.57,1266670,0.0
2018-11-28,109.9,111.245,107.77,110.63,1940655,0.0
2018-11-29,109.5,112.95,109.165,111.92,1443755,0.0
2018-11-30,111.39,112.2,108.9,109.64,2198152,0.0
2018-12-03,112,112.0069,100.96,103.48,7938143,0.0
2018-12-04,104.375,106.505,100.5,101.68,3565798,0.0
2018-12-06,99,106.55,98,106.21,3309964,0.0
2018-12-07,105.24,108.18,101.71,102.67,2645405,0.0
2018-12-10,102.12,105.9,102.11,105.23,1723911,0.0
2018-12-11,107.46,107.9085,104.58,105.41,3269455,0.0
2018-12-12,107.83,108.13,103.48,104.22,1746728,0.0
2018-12-13,105.08,106.59,102.91,105.86,1453454,0.0
2018-12-14,103.87,105.899,102.24,103.44,1568953,0.0
2018-12-17,102.5,105.87,100.4393,102.2,1670301,0.0
2018-12-18,103.39,104.76,102.51,103.43,1135674,0.0
2018-12-19,102.88,107.18,102.12,103.05,1727366,0.0
2018-12-20,101.82,104.86,100.57,102.13,2043001,0.0
2018-12-21,102.48,104.72,99.91,101.36,2684861,0.0
2018-12-24,99.76,101.9,98.5,98.79,1262425,0.0
2018-12-26,99.9,104.7099,99.64,104.63,1353453,0.0
2018-12-27,101.98,106.16,101.1652,106.16,1772456,0.0
2018-12-28,107.18,107.35,103.51,104.44,1727382,0.0
2018-12-31,105.06,105.75,101.96,102.48,1686524,0.0
2019-01-02,100.24,104.52,99.04,103.81,1677287,0.0
2019-01-03,102.4,103,99.27,99.27,1994336,0.0
2019-01-04,101.13,103.76,99.6601,101.44,3007849,0.0
2019-01-07,101.5,104.94,99.29,104.43,2240737,0.0
2019-01-08,106.21,109.45,105.25,107.89,2100261,0.0
2019-01-09,108.7,109.58,107.22,107.41,1592993,0.0
2019-01-10,106.63,110.43,106.2,110.01,1363792,0.0
2019-01-11,109.53,111.685,107.8,109,1703646,0.0
2019-01-14,108.29,108.5,104.37,104.96,3107987,0.0
2019-01-15,105.2,106.995,102.53,106.47,3653718,0.0
2019-01-16,106.81,107.5,104.58,105.93,1595153,0.0
2019-01-17,105.14,106.16,104.42,105.33,1187948,0.0
2019-01-18,106.65,108.6622,106.32,108.095,2286019,0.0
2019-01-22,107.69,108.215,106.72,106.98,1343560,0.0
2019-01-23,107.86,108.12,99.72,99.8099,3434216,0.0
2019-01-24,100.43,102.16,99.85,101.52,1757912,0.0
2019-01-25,102.5,104.5,101.02,103.66,1677815,0.0
2019-01-28,100.75,102.94,100.15,102.35,1338574,0.0
2019-01-29,102.51,102.64,98.5,100.81,1451033,0.0
2019-01-30,102.81,102.98,100.945,102.58,1261841,0.0
2019-01-31,102.91,106.37,102.78,105.58,1388547,0.0
2019-02-01,105.4,106,103.53,105,1359050,0.0
2019-02-04,105.91,107.4133,105.46,106.3,1530611,0.0
2019-02-05,106.69,109,106.65,107.43,3229020,0.0
2019-02-06,96.755,99.82,91.485,92.5133,16978808,0.0
2019-02-07,92.56,98.57,92,96.27,7446443,0.0
2019-02-08,95.4,97.24,94.38,97.0531,4458961,0.0
2019-02-11,97.63,97.83,92.84,93.46,4193060,0.0
2019-02-12,90.85,90.97,86.9,89.25,9369897,0.0
2019-02-13,90.05,92.41,88.89,92.115,5140632,0.0
2019-02-14,91.62,94.29,90.65,93.295,3048056,0.0
2019-02-15,94.03,94.07,92.2806,93.3199,2206984,0.0
2019-02-19,93.08,93.75,91.84,93.29,1434023,0.0
2019-02-20,93.48,93.48,86.91,88.69,6136946,0.0
2019-02-21,88.76,89.01,87.01,87.58,2520849,0.0
2019-02-22,88,88.28,85.96,87.06,2310996,0.0
2019-02-25,87.52,87.77,85.57,87.29,2548348,0.0
2019-02-26,87.3,88.9101,86.44,87.34,1638752,0.0
2019-02-27,87.12,88.5,84.41,84.63,3427139,0.0
2019-02-28,84.71,87.92,84.56,87.27,3289520,0.0
2019-03-01,87.71,88.91,86.93,88.32,1846077,0.0
2019-03-04,88.8,89.8,86.32,87.44,1866178,0.0
2019-03-05,87.72,87.72,86.22,87.3,1075624,0.0
2019-03-06,87.33,88.52,86.96,87.22,1227414,0.0
2019-03-07,86.95,88.56,86.17,88.41,1380091,0.0
2019-03-08,87.36,87.57,85.83,87.04,2230575,0.0
2019-03-11,87.56,90.04,87.27,89.8,2022855,0.0
2019-03-12,89.88,90.1449,88.929,89.86,1350986,0.0
2019-03-13,90.17,96.3372,89.535,96.06,7315195,0.0
2019-03-14,93.6,93.68,90.78,92.41,3563134,0.0
2019-03-15,93.85,94.03,92.84,93.55,1217424,0.0
2019-03-18,93.83,94.71,92.6193,93.83,1634111,0.0
2019-03-19,94.64,96.85,94.47,95.79,1924545,0.0
2019-03-20,96.45,97.835,95.53,96.06,2259183,0.0
2019-03-21,95.65,99.8,95.595,99.075,2610669,0.0
2019-03-22,98.89,100.435,95.8,96.01,1741126,0.0
2019-03-25,95.87,96.36,94.51,96.025,1576903,0.0
2019-03-26,96.85,98.71,95.9,96.37,2049337,0.0
2019-03-27,96.42,96.56,93.7763,94.49,1365702,0.0
2019-03-28,94.66,96.67,94.1,96.48,1229167,0.0
2019-03-29,96.95,97.55,94.05,94.36,2085501,0.0
2019-04-01,95.39,96.01,94.39,95.69,654528,0.0
2019-04-02,96.09,97.82,94.73,97.67,1807752,0.0
2019-04-03,98.05,99.52,97.72,97.89,1214043,0.0
2019-04-04,97.57,97.87,92.93,93.68,2991615,0.0
2019-04-05,94.35,95.26,93.68,94.51,1670549,0.0
2019-04-08,94.48,94.545,91.4,94.29,1496169,0.0
2019-04-09,93.8,94.79,92.94,93.28,1242094,0.0
2019-04-10,93.38,95.37,93.38,95.37,1346416,0.0
2019-04-11,95.65,96.23,94.8,95.26,1103040,0.0
2019-04-12,95.78,95.78,94,94.1,1261687,0.0
2019-04-15,94.57,96.17,92.58,92.65,1891180,0.0
2019-04-16,93,93.065,89.62,90.94,2421918,0.0
2019-04-17,90.94,91.18,87.97,89.74,2145333,0.0
2019-04-18,90.44,91.27,89.43,90.74,1683121,0.0
2019-04-22,90.75,91.99,89.89,91.92,1461788,0.0
2019-04-23,92.25,94.24,92.1,93.29,1375871,0.0
2019-04-24,93.44,93.85,92.9,93.63,773937,0.0
2019-04-25,93.44,94.22,92.85,92.9,808761,0.0
2019-04-26,93.41,96.34,92.98,96.25,1312805,0.0
2019-04-29,96.95,98.37,96.78,97.16,2306309,0.0
2019-04-30,97.12,97.99,96.24,96.82,1092979,0.0
2019-05-01,98.94,100.34,98.5738,99.06,2742394,0.0
2019-05-02,99.11,100.88,98.56,99.66,1210707,0.0
2019-05-03,100,102.38,98.4393,101.63,1778827,0.0
2019-05-06,99.45,102.15,99.11,101.65,1369267,0.0
2019-05-07,100.71,101.425,98.86,99.87,1400095,0.0
2019-05-08,102.1,102.4,99.85,101.81,2475099,0.0
2019-05-09,100.705,102.9,99.22,102.12,1182391,0.0
2019-05-10,101.44,103.68,99.6,103.45,1590168,0.0
2019-05-13,101.19,102.03,99.3,99.97,2822856,0.0
2019-05-14,101.05,105.97,99.72,103.54,7535865,0.0
2019-05-15,102.91,109.44,102.06,107.49,3297575,0.0
2019-05-16,107.35,109.36,106.5,107.55,1447570,0.0
2019-05-17,106.74,108.485,106,106.67,1069355,0.0
2019-05-20,105.86,106.08,102.87,102.98,1697963,0.0
2019-05-21,103.15,104.1,101.75,103.75,1893287,0.0
2019-05-22,103.78,105.375,103.48,104.24,1534186,0.0
2019-05-23,103.18,104.76,102.56,104.38,1186979,0.0
2019-05-24,104.55,105.61,103.74,105.02,982799,0.0
2019-05-28,105.74,107.49,105.16,106.51,1560165,0.0
2019-05-29,105.63,107.75,105.09,106.99,1597522,0.0
2019-05-30,107.1,107.71,106.09,106.98,1023086,0.0
2019-05-31,106,108.83,105.68,108.15,1847201,0.0
2019-06-03,106.99,108.26,105.52,105.95,1678627,0.0
2019-06-04,108.22,109,105.315,109,1537609,0.0
2019-06-05,110,111.71,108.69,111.55,1513577,0.0
2019-06-06,111.73,113.7,110.21,110.71,1333395,0.0
2019-06-07,111.67,112.6216,110.9,111.61,999380,0.0
2019-06-10,112.18,112.74,109.93,111.78,1011059,0.0
2019-06-11,112.21,112.82,109.71,110.3,879730,0.0
2019-06-12,111.1,111.13,108.425,108.69,1363812,0.0
2019-06-13,108.86,111.16,108.71,110.72,1814700,0.0
2019-06-14,110.5,110.77,108.915,110.36,1852146,0.0
2019-06-17,109.92,112.02,109.6,110.29,1057672,0.0
2019-06-18,111.5,113.34,110.31,111.02,1074935,0.0
2019-06-19,110.74,111.355,108.19,111.02,940016,0.0
2019-06-20,112.05,112.81,110.65,111.53,766070,0.0
2019-06-21,111.37,112.94,111.14,112.64,1140959,0.0
2019-06-24,112.71,113.91,111.9,113.84,1081231,0.0
2019-06-25,113.94,114.52,112.0639,112.86,1119234,0.0
2019-06-26,113.18,113.96,111.245,111.55,1192090,0.0
2019-06-27,112.11,113.99,111.76,113.39,1106493,0.0
2019-06-28,114.05,114.28,111.48,113.54,914071,0.0
2019-07-01,115,116.39,113.27,115.96,1526299,0.0
2019-07-02,116.61,118.19,115.98,116.9,1083221,0.0
2019-07-03,116.74,118.49,116.6,118.08,797208,0.0
2019-07-05,117.25,117.35,115.2,117.22,1012078,0.0
2019-07-08,116.81,116.85,113.27,114.75,1031135,0.0
2019-07-09,114.17,115.75,113.01,115.07,637508,0.0
2019-07-10,115.89,118.58,115.8,117.16,932301,0.0
2019-07-11,115.81,116.61,113.73,116.55,1501052,0.0
2019-07-12,116.31,117.063,115.47,116.44,827437,0.0
2019-07-15,116.9,117.16,115.54,117.01,627345,0.0
2019-07-16,116.83,117.53,115.78,117.45,727311,0.0
2019-07-17,117.55,118.6,117.32,117.61,883555,0.0
2019-07-18,117,118.34,115.76,117.7,908373,0.0
2019-07-19,118.46,118.92,115.91,116.06,699451,0.0
2019-07-22,116.66,117.45,116,116.65,580515,0.0
2019-07-23,117.38,118.2,115.965,118.11,704883,0.0
2019-07-24,117.51,119.18,116.54,118.92,865148,0.0
2019-07-25,119.02,119.91,117.77,119.25,676962,0.0
2019-07-26,120.23,123.46,119.65,121.8,2136366,0.0
2019-07-29,122.74,123.73,119.71,123.57,1456725,0.0
2019-07-30,121.98,123.74,120.85,123.26,1542388,0.0
2019-07-31,123.78,124.7,120.87,122.55,1180949,0.0
2019-08-01,121.63,125.54,121.26,122.1,1696437,0.0
2019-08-02,121.44,121.97,119.5,121.73,1127181,0.0
2019-08-05,119.01,119.86,112.27,115.3231,3883681,0.0
2019-08-06,124.89,128.5,122.5,124.51,5039323,0.0
2019-08-07,123.03,130,122.9,129.4,2324260,0.0
2019-08-08,130.52,131.53,129.66,131.41,1407669,0.0
2019-08-09,131.12,131.5,127.18,128.87,1254728,0.0
2019-08-12,127.58,129.51,126.78,127.62,1242378,0.0
2019-08-13,126.89,129.36,125.6,127.54,1400932,0.0
2019-08-14,125.92,127.66,125.46,126.23,1523303,0.0
2019-08-15,126.5,127.42,125.53,126.17,1135499,0.0
2019-08-16,126.67,127.62,125.9,127.18,1357740,0.0
2019-08-19,129.25,130.98,128.6075,129.94,949829,0.0
2019-08-20,129.77,132.21,128.81,131.39,1010898,0.0
2019-08-21,132.88,135.7,131.14,134.21,1771920,0.0
2019-08-22,134.34,134.4945,131.43,132.33,853428,0.0
2019-08-23,132.28,132.53,128.44,128.84,1111268,0.0
2019-08-26,129.71,130.56,128.09,130.5,906524,0.0
2019-08-27,131.67,132.15,129.86,130.8,736414,0.0
2019-08-28,130.78,131.37,128.64,131.26,593892,0.0
2019-08-29,132.95,133.455,131.43,132.39,702864,0.0
2019-08-30,132.84,134.41,130.65,132.02,854144,0.0
2019-09-03,130.96,132.68,130.735,131.68,1337287,0.0
2019-09-04,133.2,134,132.28,132.75,817357,0.0
2019-09-05,134.3,134.74,129.94,131.4,1009893,0.0
2019-09-06,132.04,132.13,130.66,130.76,746059,0.0
2019-09-09,130.82,133.42,129.78,132.16,1236258,0.0
2019-09-10,130.98,132.26,126.86,128.39,1698764,0.0
2019-09-11,128.62,128.99,121.8801,122.64,3156171,0.0
2019-09-12,124.37,127.8,124.37,126.24,2258716,0.0
2019-09-13,126.55,127.4,125.01,125.1,1637336,0.0
2019-09-16,124.2,129.58,123.85,128.63,1083346,0.0
2019-09-17,128.71,131.01,127.2,130.95,978236,0.0
2019-09-18,130.72,131.36,126.965,129.77,915239,0.0
2019-09-19,129.56,132.35,129.26,130.59,994429,0.0
2019-09-20,131.57,132,129.37,130.56,963810,0.0
2019-09-23,129.21,129.8,125.5,125.71,1739529,0.0
2019-09-24,126.12,126.7,124.145,125.14,1204020,0.0
2019-09-25,124.01,127.68,123.78,127.25,934361,0.0
2019-09-26,127.15,128.56,126.54,126.77,641657,0.0
2019-09-27,127.09,127.42,122.62,124.03,734059,0.0
2019-09-30,123.96,125.9,122.82,125.32,684009,0.0
2019-10-01,125.2,125.98,122.44,122.91,1366653,0.0
2019-10-02,122.27,122.27,118.04,119.7,1912505,0.0
2019-10-03,119.67,121.01,118.03,120.47,1046997,0.0
2019-10-04,120.4,123.78,117.4,123.33,4033131,0.0
2019-10-07,122.98,123.72,121.66,122.97,1245538,0.0
2019-10-08,119.85,120.81,117.27,119.43,3378573,0.0
2019-10-09,120.93,122.85,120.04,121.85,2288494,0.0
2019-10-10,121.31,122.53,120.29,122.41,2134386,0.0
2019-10-11,123.4,124.34,122.28,122.41,2128298,0.0
2019-10-14,122.27,122.51,121.01,121.13,1349364,0.0
2019-10-15,121.95,124.09,121.7,123.95,1830593,0.0
2019-10-16,123.17,123.95,120.25,121.09,2421260,0.0
2019-10-17,122.31,123.92,121.8806,122.75,1179480,0.0
2019-10-18,122.83,123.18,120.95,122.73,1633152,0.0
2019-10-21,123.22,123.88,121.475,123.07,709157,0.0
2019-10-22,123.87,124.43,121.77,122.01,1053398,0.0
2019-10-23,122.36,123.91,121.46,122.68,662998,0.0
2019-10-24,123.6,125.53,123.45,124.36,982117,0.0
2019-10-25,124.38,125.59,123.42,125.35,584053,0.0
2019-10-28,125.81,126.35,122.55,122.76,1051346,0.0
2019-10-29,122.79,122.79,120.71,121.04,695953,0.0
2019-10-30,122.02,123.76,121.11,123.11,766718,0.0
2019-10-31,123.01,123.25,119.96,120.36,1031516,0.0
2019-11-01,121.28,121.74,116.8,116.85,1816018,0.0
2019-11-04,118.27,118.4,116.62,117.17,1561763,0.0
2019-11-05,117.99,118.48,116.22,117.25,1386421,0.0
2019-11-06,116.99,117.71,115.31,116.64,1390277,0.0
2019-11-07,117.86,118.41,115.45,116.87,2296399,0.0
2019-11-08,117.69,122.57,116.57,116.96,3269091,0.0
2019-11-11,115.99,119.92,115.37,119.69,1724257,0.0
2019-11-12,119.22,119.38,117.33,119,1375819,0.0
2019-11-13,119.56,120.89,118.64,120.28,1182927,0.0
2019-11-14,120.18,122.5,119.12,122.3,761009,0.0
2019-11-15,122.77,123.86,121.96,123.82,1019678,0.0
2019-11-18,123.51,124.0251,122.36,123.15,918225,0.0
2019-11-19,123.62,124.09,122.455,123.65,829758,0.0
2019-11-20,123.5,124.41,122.57,123.39,1083998,0.0
2019-11-21,123.07,123.88,122.01,122.54,850677,0.0
2019-11-22,122.2,122.605,117.795,119.48,1278626,0.0
2019-11-25,119.88,120.67,118.88,119.35,811358,0.0
2019-11-26,119.94,120.7,118.73,120.44,893114,0.0
2019-11-27,120.97,121.73,119.66,121.54,648072,0.0
2019-11-29,121.62,122.89,120.74,121.42,329133,0.0
2019-12-02,121.59,121.72,119.325,120.74,1018344,0.0
2019-12-03,118.93,123.15,118.93,123.12,1029674,0.0
2019-12-04,123.95,124.13,121.71,121.97,703017,0.0
2019-12-05,121.73,124.0579,121.14,123.96,826270,0.0
2019-12-06,123.75,124.95,122.85,123.73,897849,0.0
2019-12-09,122.8,122.99,119.22,120.08,1470754,0.0
2019-12-10,120.78,122.53,119.51,122.28,978718,0.0
2019-12-11,122.22,123.8,121.17,122.4,599022,0.0
2019-12-12,122.14,125.38,121.59,125.26,1309419,0.0
2019-12-13,125.17,125.17,121.73,121.81,1111641,0.0
2019-12-16,122.41,123.5,121.99,122.71,574724,0.0
2019-12-17,122.71,123.29,121.51,122.57,555306,0.0
2019-12-18,122.57,122.89,121.34,122.47,1091021,0.0
2019-12-19,122.92,122.95,120.91,121.75,965093,0.0
2019-12-20,122.95,124.3,121.54,123.6,1496348,0.0
2019-12-23,123.73,124.24,122.09,122.11,499337,0.0
2019-12-24,122.59,124.16,122,123.89,837955,0.0
2019-12-26,123.55,124.34,123.095,123.94,459887,0.0
2019-12-27,124.44,124.86,122.85,124.43,459321,0.0
2019-12-30,124.47,124.47,122.19,122.38,515318,0.0
2019-12-31,122.25,122.79,121.48,122.41,450888,0.0
2020-01-02,123.53,123.98,121.4,122.03,937673,0.0
2020-01-03,120.44,122.5,120.28,122.21,633478,0.0
2020-01-06,122.02,125.1264,121.55,124.68,1036964,0.0
2020-01-07,124.59,126.47,123.84,125.51,1054175,0.0
2020-01-08,125.96,128.995,124.82,127.81,1371074,0.0
2020-01-09,128.72,129.548,127.4,128.01,592917,0.0
2020-01-10,127.7,128.53,126.64,126.75,655336,0.0
2020-01-13,126.92,128.57,125.18,128.46,856983,0.0
2020-01-14,125.51,127.53,124.56,126.92,1630919,0.0
2020-01-15,127.09,128.01,126.05,126.61,479952,0.0
2020-01-16,126.85,127.71,126.28,127.63,885089,0.0
2020-01-17,128.42,130.42,127.4,130.01,1505766,0.0
2020-01-21,129.07,130.98,127.47,130.42,2553238,0.0
2020-01-22,131.45,133.36,129.7,130.11,1770440,0.0
2020-01-23,130.44,130.87,128.67,129.07,1585254,0.0
2020-01-24,128.04,128.17,125.155,125.29,2233296,0.0
2020-01-27,122.19,123.96,121.55,123.05,981844,0.0
2020-01-28,123.11,126.69,123.11,125.96,857647,0.0
2020-01-29,126.98,127.05,124.55,125.91,747889,0.0
2020-01-30,124.98,127.6,124.85,127.42,865674,0.0
2020-01-31,126.4,126.89,124.27,124.65,1315366,0.0
2020-02-03,125.24,126.35,123.85,124.42,832672,0.0
2020-02-04,126.3,127.74,124.8,126.93,1155537,0.0
2020-02-05,122.45,123.9199,119.31,120.76,2738465,0.0
2020-02-06,121.05,128.05,121.05,127.6,2738566,0.0
2020-02-07,116,117.66,112.58,112.6,8516950,0.0
2020-02-10,112.5,112.6,109.09,111.02,3752822,0.0
2020-02-11,111,112.69,110,112.43,2191557,0.0
2020-02-12,112.53,115.28,112.01,114.01,3451150,0.0
2020-02-13,113.66,114.26,111.15,112.21,1571421,0.0
2020-02-14,112.58,114.26,111.765,113.42,1026746,0.0
2020-02-18,113.24,114.17,112.51,113.42,1137180,0.0
2020-02-19,114.1,114.76,113.47,113.53,931201,0.0
2020-02-20,113.34,115.21,112.75,115.14,1430319,0.0
2020-02-21,114.7,116.58,114.0404,116.03,2193899,0.0
2020-02-24,114.51,116.55,112.74,113.01,1662063,0.0
2020-02-25,113.5,114.44,110.59,111,2181389,0.0
2020-02-26,111.23,112.5,109.45,109.47,1701185,0.0
2020-02-27,107.56,111.96,106.22,107.86,2251621,0.0
2020-02-28,106.56,109.28,105.27,107.49,2834263,0.0
2020-03-02,108.58,112.13,107.92,112.02,2014977,0.0
2020-03-03,111.75,115.04,109.81,111.14,1710061,0.0
2020-03-04,113.44,119.79,113.44,119.51,2187111,0.0
2020-03-05,115.95,119.08,115.1,117.31,2052161,0.0
2020-03-06,113.7,118.71,113.47,117.71,4532950,0.0
2020-03-09,109.96,118.03,109.17,113.83,2179396,0.0
2020-03-10,118.6,118.88,113.3,118.75,2054900,0.0
2020-03-11,116.44,119.825,115.85,118.9,2030018,0.0
2020-03-12,112,116.73,108.35,108.35,2701526,0.0
2020-03-13,113.77,116.73,109.42,116.62,2363254,0.0
2020-03-16,105.84,115.17,104.95,108,4664000,0.0
2020-03-17,110.53,117.96,105.15,116.46,2675780,0.0
2020-03-18,111.65,120.5,101.8,106.62,5940190,0.0
2020-03-19,107.26,108.75,102.97,106.33,2091809,0.0
2020-03-20,108.52,110.135,100,100,2709953,0.0
2020-03-23,102.22,111.94,100.3501,109.77,2671539,0.0
2020-03-24,114.09,117.49,108.39,112.22,2211864,0.0
2020-03-25,111.86,115.3,108,109.72,2282398,0.0
2020-03-26,110.25,115.59,108.61,115.29,2059686,0.0
2020-03-27,113.21,114.58,110,111.56,1723222,0.0
2020-03-30,113.88,119.89,112.885,118.46,3061658,0.0
2020-03-31,118.34,120.7,116.29,118.59,1566740,0.0
2020-04-01,115.52,123.905,114.66,116.27,2922160,0.0
2020-04-02,117.09,120.12,115.49,119.5,1516799,0.0
2020-04-03,119.34,121.6,117.77,118.49,1108628,0.0
2020-04-06,120.65,122.48,119.01,121.34,2747980,0.0
2020-04-07,123.43,123.7,117.2,120.06,1786771,0.0
2020-04-08,121.11,122.12,118.71,119.1,3055234,0.0
2020-04-09,119.5,121.24,118.41,119.4,1477462,0.0
2020-04-13,118.65,120.41,117.27,120,1353211,0.0
2020-04-14,124.26,125.67,122.69,122.78,5802200,0.0
2020-04-15,122.49,126.8,121.74,123.5,6075629,0.0
2020-04-16,124.36,127.27,122.82,126.85,7470070,0.0
2020-04-17,125.98,126.25,121,124.46,3912480,0.0
2020-04-20,124.24,125.66,123.1102,125.36,2501758,0.0
2020-04-21,126.04,128.079,123.375,125.73,5673330,0.0
2020-04-22,126.69,128.04,123.46,127.48,3480259,0.0
2020-04-23,127.57,127.99,124.12,124.56,3655252,0.0
2020-04-24,125.44,127.98,124.6501,127.88,1620635,0.0
2020-04-27,128.22,129.34,125.27,125.92,2932120,0.0
2020-04-28,125.46,125.66,120.42,120.47,1493733,0.0
2020-04-29,120.55,122.17,118.01,121.18,1318657,0.0
2020-04-30,120.94,122.05,119.37,121.05,1798490,0.0
2020-05-01,119.22,123.4838,119.22,122.65,1270932,0.0
2020-05-04,123.61,125.71,122.86,124.92,2571876,0.0
2020-05-05,126.11,126.79,124.13,125.29,1259257,0.0
2020-05-06,126.57,128.86,125.61,127.69,2471878,0.0
2020-05-07,128.88,130.55,128.015,128.87,1220900,0.0
2020-05-08,129.37,130.78,127.7,129.79,2226790,0.0
2020-05-11,130,134.7973,129.6583,132.52,3366652,0.0
2020-05-12,133.37,135.02,131.31,131.64,1283795,0.0
2020-05-13,132.2,133.89,129.5811,131.29,1311623,0.0
2020-05-14,130.94,131.64,128.56,131.49,1034200,0.0
2020-05-15,129.71,133.54,129.5001,132.49,2936286,0.0
2020-05-18,133.25,135.94,130.25,135.52,2254303,0.0
2020-05-19,136.34,143.22,136.34,142.29,3001661,0.0
2020-05-20,143.84,149.28,143.825,147.02,10013446,0.0
2020-05-21,142.14,147.75,137.13,138.38,13855860,0.0
2020-05-22,139.65,141.4953,138.63,140.51,4135432,0.0
2020-05-26,142.44,142.75,129.81,130.23,5634182,0.0
2020-05-27,130.44,134.7,126.56,134.52,5006313,0.0
2020-05-28,133.92,136.55,133.57,134.13,2109028,0.0
2020-05-29,135.03,137.23,132.71,136.42,2169179,0.0
2020-06-01,135.62,136.59,134.25,136.32,1659784,0.0
2020-06-02,135.04,135.755,132.34,134.6,1600196,0.0
2020-06-03,134,134.01,128.26,129.26,5686660,0.0
2020-06-04,129.11,130.2936,125.78,127.66,2388587,0.0
2020-06-05,125.26,129.01,124.86,129,2983889,0.0
2020-06-08,127.24,134.98,125.78,134.8,5301942,0.0
2020-06-09,134.97,136.95,132.53,134.42,3015740,0.0
2020-06-10,135.7,139.42,135.19,137.42,1875634,0.0
2020-06-11,137.12,138.08,134.06,134.84,3396926,0.0
2020-06-12,137.59,137.81,134.81,134.81,1035251,0.0
2020-06-15,134.14,137.94,133.8825,137.09,1782266,0.0
2020-06-16,137.92,138.69,135.07,135.66,2299256,0.0
2020-06-17,136.16,139.8415,136.16,138.87,1336168,0.0
2020-06-18,139.76,141.634,139,141.3,1883497,0.0
2020-06-19,142.32,142.95,139.46,142.61,1764492,0.0
2020-06-22,141.98,143.2,139.935,141.17,1152116,0.0
2020-06-23,141.7,145.42,141.58,143.33,1140864,0.0
2020-06-24,142.8687,143.435,137.4,139.87,1276453,0.0
2020-06-25,140.59,140.76,137.31,140.37,988945,0.0
2020-06-26,140.5,141.94,137.54,141.29,1416583,0.0
2020-06-29,141.93,142.01,136.81,137.79,1390535,0.0
2020-06-30,138.37,140.78,138.13,139.51,1547175,0.0
2020-07-01,138.4,144.56,137.5,144.105,1846778,0.0
2020-07-02,145.01,146.085,143.51,144.5,1429145,0.0
2020-07-06,145,147.8,144.34,145.69,1209838,0.0
2020-07-07,146.05,149.87,145.68,147.27,1531881,0.0
2020-07-08,148.74,148.75,145.48,147.84,1399197,0.0
2020-07-09,149,151.29,148.24,150.72,948957,0.0
2020-07-10,150.85,154.88,150.23,153.91,1167807,0.0
2020-07-13,154.46,155.99,146.15,146.82,1377907,0.0
2020-07-14,145.51,151.28,144.14,151.06,1137002,0.0
2020-07-15,150.02,152.05,147.95,151.27,1155127,0.0
2020-07-16,150.52,151.17,148.12,149.9,524050,0.0
2020-07-17,150.68,151.14,148.71,150.52,643264,0.0
2020-07-20,151.14,155.21,150.88,154.7,686743,0.0
2020-07-21,155.63,156.32,152.45,153.06,727758,0.0
2020-07-22,153.58,155.48,153.09,154.05,611221,0.0
2020-07-23,155.51,155.88,151.02,151.5,530767,0.0
2020-07-24,150.04,156.675,148.88,156.1,1511069,0.0
2020-07-27,157.16,160.26,156.67,159.24,974446,0.0
2020-07-28,158.11,158.94,156.02,156.39,638084,0.0
2020-07-29,157.56,159.24,156.86,157.82,582700,0.0
2020-07-30,156.72,160.55,155.921,159.55,897615,0.0
2020-07-31,163.92,164.11,160.07,164.05,1569189,0.0
2020-08-03,165.64,169.19,164.25,167.68,2263042,0.0
2020-08-04,175.69,180.61,172.0561,177.62,4198410,0.0
2020-08-05,175.62,177.06,171.34,176.07,1475006,0.0
2020-08-06,176.31,177.89,174.11,177.34,988485,0.0
2020-08-07,175.32,176.55,171.645,174.92,1145448,0.0
2020-08-10,173.375,175.2,171.87,174.77,809785,0.0
2020-08-11,173.76,173.76,165.335,167.12,1676205,0.0
2020-08-12,167.02,170.26,166.14,168.1,1045447,0.0
2020-08-13,169.22,172.48,169.13,171.39,708781,0.0
2020-08-14,173.26,175.52,172.21,173.47,985040,0.0
2020-08-17,175.72,175.86,173.805,175.21,547865,0.0
2020-08-18,175.7,177.53,173.52,176.92,735015,0.0
2020-08-19,175.84,176.86,171.55,172.57,1127451,0.0
2020-08-20,172,175.51,172,174.45,648786,0.0
2020-08-21,175.05,175.05,171.84,173.15,948291,0.0
2020-08-24,173.14,174.72,170.56,172.55,845856,0.0
2020-08-25,171.99,173.933,170.715,173.005,615772,0.0
2020-08-26,173.3,175.58,172.7,175.39,797552,0.0
2020-08-27,175.12,175.6,171.17,172.67,1470181,0.0
2020-08-28,173.13,174.07,170.46,171.06,733987,0.0
2020-08-31,170.68,172.85,169.57,171.26,744139,0.0
2020-09-01,171.7848,174.1445,171.05,172.59,806032,0.0
2020-09-02,172.96,174.16,170.26,172.79,1203988,0.0
2020-09-03,171.51,171.7965,164.52,166.83,1383736,0.0
2020-09-04,163.96,165.5713,157.24,161.71,1422590,0.0
2020-09-08,157.06,159.6299,153.3,156.21,1915325,0.0
2020-09-09,159.66,160.3591,156.12,158.59,1222472,0.0
2020-09-10,160.59,161,153.61,154.33,905100,0.0
2020-09-11,156.81,156.81,151.63,153.57,1021201,0.0
2020-09-14,155.19,157.65,154.315,156.48,899030,0.0
2020-09-15,157.525,161.41,157.315,160.59,999777,0.0
2020-09-16,160.86,162.98,156.49,157.08,837534,0.0
2020-09-17,153.585,159.47,153.585,159.47,981305,0.0
2020-09-18,161.0277,161.247,157.37,158.47,1380213,0.0
2020-09-21,157.06,164.73,157.01,164.34,1259745,0.0
2020-09-22,166.2479,166.86,161.36,166.19,881090,0.0
2020-09-23,165.58,166.31,161.89,162.31,848652,0.0
2020-09-24,160.27,165.925,160.27,163.32,673363,0.0
2020-09-25,162.57,166.47,161.5,165.65,717581,0.0
2020-09-28,167.37,167.9498,164.82,167.56,732089,0.0
2020-09-29,166.6,167.35,163.905,164.34,1051361,0.0
2020-09-30,164.79,166.25,162.81,165.23,691852,0.0
2020-10-01,166.48,168.03,165.68,165.98,894583,0.0
2020-10-02,162.62,164.195,157.82,160.07,1088268,0.0
2020-10-05,161.927,164.96,161.18,164.675,614292,0.0
2020-10-06,164.9,167,161.4001,162.25,883069,0.0
2020-10-07,162.56,163.53,159.485,160.96,815949,0.0
2020-10-08,162.46,162.915,159.07,160.43,778435,0.0
2020-10-09,161.13,162.7,160.76,161.64,449102,0.0
2020-10-12,164.94,168.27,163.93,167.23,1405229,0.0
2020-10-13,167.28,170.12,164.664,169.16,1188040,0.0
2020-10-14,170.4071,170.99,166.301,169.01,974906,0.0
2020-10-15,166.34,168.5,165.0501,168.03,766299,0.0
2020-10-16,169,170.8,167.84,168.23,1031289,0.0
2020-10-19,170.52,172,164.42,165.58,789997,0.0
2020-10-20,166.7,167.11,164.03,164.52,684020,0.0
2020-10-21,165.75,166.61,163.51,164.47,562206,0.0
2020-10-22,164.28,164.55,159.48,163.29,1147007,0.0
2020-10-23,164.29,164.75,161.81,164.45,483224,0.0
2020-10-26,163.96,166.66,162.025,165.03,672736,0.0
2020-10-27,166.3,167.89,165.15,167.36,563393,0.0
2020-10-28,165.98,166.76,163.53,164.39,679763,0.0
2020-10-29,164.66,165.605,160.5,162.77,1092153,0.0
2020-10-30,162.46,162.77,153.94,154.93,1398891,0.0
